24

5
4 6
8 9
3 1
6 8
4 9

5
7 2
9 7
3 7
2 6
1 3

5
7 1
8 4
8 4
2 4
1 4

5
2 7
6 3
3 4
3 7
6 4

5
6 1
6 9
4 1
8 4
7 8

5
6 9
8 9
4 4
4 6
2 7

10
39 13
97 74
97 92
22 49
17 28
55 99
34 31
18 73
31 79
75 65

10
59 11
58 66
60 22
67 87
63 51
46 14
52 39
41 86
18 56
51 47

10
37 10
24 43
32 52
16 31
68 28
63 14
61 35
97 45
19 65
78 57

10
64 88
45 10
20 41
72 22
73 65
88 98
65 94
39 44
56 52
46 73

10
56 87
16 65
90 20
71 54
13 68
65 99
51 44
51 14
57 57
97 39

10
44 69
94 70
93 79
13 83
50 32
10 78
36 21
50 55
49 69
77 77

200
5631 1469
4295 1087
3518 4300
2811 4130
6796 1461
7802 9237
5214 4412
7622 893
979 3843
4845 4501
518 9202
2938 985
9690 3710
6117 4512
9816 7051
9573 7428
1058 8067
2984 7222
395 8271
4915 4441
5789 632
8415 6043
7212 1078
3782 526
7273 2267
7504 5860
8233 4137
2011 4868
6858 2379
4249 4131
5784 9938
3828 7415
5160 7339
9535 5784
9076 4171
1314 5595
7641 8576
6564 5736
2516 4608
8992 2730
167 8727
5503 2410
935 6057
1302 8014
5114 9329
8182 4292
4445 6203
5699 7731
4107 5866
4583 2109
3170 4659
9157 9848
5699 6893
5523 8486
6552 7415
8087 264
3633 8037
2427 9944
6695 8004
9794 8726
4171 1100
2307 6961
2747 7947
7073 1826
1833 2159
3509 2416
9870 1031
5909 6255
8311 8980
3851 2668
7980 8849
8378 5755
548 159
1780 9644
6647 9266
2950 436
4568 1983
9869 5270
9593 9551
4235 1084
823 1167
9667 6953
4855 3002
1883 7815
8736 6590
1007 3814
493 8969
2408 8916
4208 2503
7984 7886
6197 4164
8184 2032
3461 8903
2615 9040
6056 4893
4054 264
6926 532
3637 9948
7725 9240
1603 6711
2901 1965
9129 4782
5091 1288
8553 2191
3114 1413
5187 5393
2476 3827
3721 892
7827 7544
1504 1619
3121 8883
8218 6014
3860 6808
163 8282
3560 1678
9323 129
4082 4884
1234 1775
5332 5908
7617 395
3989 5266
8224 8761
896 1590
7954 9530
7109 5041
7921 9636
644 7248
6674 7091
8107 7497
6954 6690
8609 2384
5474 9446
8195 9895
9808 1269
1036 7976
660 4066
8418 8749
4071 2008
8141 7825
2713 9718
4024 1273
9749 6645
9407 8578
369 8323
5689 7730
9410 2216
5269 3048
5804 1792
8449 6534
7742 2913
4347 7562
2719 4376
1287 329
6260 8286
2617 1467
2246 9232
3322 3317
264 6529
3583 4836
4819 7667
8599 8130
2284 5837
2472 2343
1733 5350
7635 8417
3013 5150
7866 6658
2616 3019
5997 8664
3391 9870
9633 1108
9168 785
4389 5852
3354 8905
1321 8600
3374 4595
4923 8969
5380 6966
6745 7277
1224 2127
2002 8541
8522 5136
8007 4455
7141 7315
8493 5941
8657 8774
2965 3300
1441 3488
5297 1137
6668 5764
6793 5979
3655 591
6823 4579
4963 2977
5411 4671
7703 532
9267 9300
5689 2907
3261 482
9772 988

200
181 6582
7541 3935
8347 8385
5517 1532
8735 2905
1325 5917
3529 721
3054 8681
7970 6200
1218 6309
2215 956
3388 8197
5365 1790
4991 2991
9063 4885
1653 934
6167 6755
1192 8779
8918 5984
4462 7567
6640 3476
8307 917
1761 919
2489 882
8249 4596
2293 5412
7769 9759
2175 4913
8218 6333
6113 9785
7553 2564
3013 3398
3433 1937
8453 3053
5290 270
3404 8766
9166 3662
9126 7971
7823 7636
3039 9859
3131 7297
1285 4804
9154 2890
5435 9327
3317 7336
5828 9721
1909 2537
5969 8888
8580 6399
3181 577
5187 3454
4611 2906
8401 7947
2552 7007
899 7105
5200 7272
9512 8873
6317 6261
4096 2306
3388 7625
8461 2511
1370 7181
139 6928
4671 5717
5020 560
4417 8772
7720 4111
9317 6010
9331 4652
835 3026
3883 3710
2901 2859
2812 9422
2039 6275
5146 882
7229 6957
5323 1645
3037 5547
8554 4922
4444 9499
7405 6684
112 3235
4718 9115
1447 9653
4528 4118
7854 5593
9145 4329
1196 7936
6925 5477
4557 5783
8589 9191
3802 4161
5186 163
2239 4243
8326 5999
7597 9397
302 4325
4497 5134
8469 5431
4245 6676
5270 8847
6829 924
6857 4714
551 2332
4138 4127
9824 5835
9558 5313
4696 2881
1160 2222
7159 1063
3668 676
5779 6229
9425 2065
4795 339
6882 8014
7909 1714
7893 2772
9305 3006
6826 9775
7291 9825
7814 7425
9175 6731
8966 2765
1685 7102
8676 760
6685 1747
4000 1545
1530 6385
333 2909
2211 5915
8456 4780
5286 9341
4365 5691
3069 9516
8728 3242
7600 3722
5259 7646
8507 4308
3050 2609
5130 923
7043 9985
3476 8842
4173 4699
6749 2212
6021 5928
2356 3424
8813 9074
6271 4110
5651 8629
3815 6024
7486 2191
7510 9324
2186 3458
4995 4502
877 9872
3752 6021
4318 3293
5316 805
910 7685
5430 5229
8494 4488
7564 4671
6194 4437
8268 1722
9414 6030
8640 8625
2675 4506
6887 9618
5354 1995
6777 7697
5671 9755
2502 4051
5242 4215
3405 6469
2215 3320
8546 3352
4655 8450
5368 1010
9638 6662
5796 2205
5581 5658
652 6313
3561 2302
6721 9918
3343 6821
9302 3428
6495 1036
1180 1421
8113 1089
5932 9014
8290 5476
2812 7776
8332 9768
6379 5919
4718 1321
9713 3636
9793 5526
5421 4576
4794 3540
174 5189

200
3538 3166
8054 2684
4014 5750
7548 5909
7967 9501
3859 9897
321 1752
4550 9291
8390 9160
9617 7513
8832 4729
4900 1023
6719 7565
5725 4352
5995 9399
403 6871
8486 8577
104 6994
8400 1992
9171 8998
1158 4500
5740 7951
422 8920
7921 625
5080 4684
4027 6922
2668 1515
5530 8962
6604 1637
5602 4655
8374 5248
3775 684
2134 298
6663 7735
9725 9019
2001 2479
7601 8924
8514 3605
5427 5637
6398 7381
1001 3034
4168 3880
6457 9836
2072 1151
1912 1588
1340 2073
7871 7347
1680 3746
1811 2941
1726 6702
2421 5571
9731 8908
8508 380
5973 6324
2750 2020
6600 6415
6790 7622
1330 9842
170 6010
4914 361
5261 9970
4289 1338
2562 602
3203 4215
3568 2225
7301 4004
3550 2251
5885 8781
9789 3601
3287 9487
5802 2915
5402 8629
5589 8101
6406 353
1030 2751
5583 8130
2176 4919
9863 1070
4674 281
9298 3693
3482 5745
5563 4267
6798 462
4178 6440
3765 4210
9467 1882
3466 4373
1331 9973
6960 1105
9177 9074
2724 3661
169 1698
6619 9069
6349 1332
7934 8003
5684 6996
1612 8000
8791 7891
4811 4346
5649 2231
1140 6730
4629 7700
3844 5567
5202 8258
4207 6783
5500 2101
1302 1701
3356 1807
8893 3885
3288 9068
4098 6070
1775 3567
8118 2754
5678 6274
898 5677
3939 1461
4411 9055
206 614
2223 4702
5763 5342
8161 1919
3712 563
7405 7608
3525 8047
3624 286
6063 6129
4234 2222
719 3975
6371 1239
3364 7460
1043 6787
5792 5702
1970 9379
6387 4751
2082 4299
6425 5747
3987 2429
941 8836
5297 8943
9535 4072
4065 3718
8488 9080
2777 4130
6749 6320
4412 5791
8295 3203
7647 1781
1911 2618
5307 9950
789 1529
7131 6840
7246 8501
5088 1634
9466 5287
2524 380
418 9633
900 863
8204 3029
5670 6046
8931 1807
7496 9374
1920 3244
9710 449
6965 5351
3723 8807
7667 1693
9336 8519
586 1563
6968 4936
2523 4927
4858 9443
4176 8130
6950 5032
4375 1785
2039 2756
3489 5085
4942 4117
1976 4467
1312 5592
144 7160
5350 2415
7259 3571
8177 2250
1922 5691
5908 3110
1849 3410
612 3292
7629 1959
659 3905
3973 6684
2070 8775
3313 5477
4378 6657
7209 6497
2355 225
4099 4647
2753 8199
6710 9782
861 4458
5793 9240

200
3182 5132
3596 1439
8531 3538
8392 8690
9733 4094
6846 3699
6429 2244
7986 1052
8856 134
2448 3312
8897 8947
9653 5253
8649 2290
2531 4111
8649 4433
7533 321
1886 2313
6508 8295
5707 8451
6350 6335
8209 3085
5770 3332
3602 5846
1558 8850
8707 9222
2024 1143
3282 1328
9643 3879
7083 5871
4304 8157
743 3571
7325 5374
5057 8485
8118 3363
9527 8123
9220 9528
9777 6875
3148 4167
9869 6030
3835 463
2309 8655
1415 6496
5454 2640
206 8200
7897 4516
6667 2223
4630 1454
829 153
9716 2537
4998 9995
8189 3959
1143 7729
7332 824
6838 8842
1148 2011
8329 3944
1633 1073
4990 2333
6592 9203
4007 4403
1693 7712
4451 4534
1831 1425
1149 5342
1012 3244
4339 8986
743 9866
4795 9811
4227 8433
5177 7756
9173 4349
7152 9695
1131 2351
7841 1849
6784 2511
6418 8614
4404 1889
773 1729
8365 1037
6792 2512
1346 9532
8547 9346
612 2826
9811 6797
6020 2835
8089 5912
7010 6552
4735 1754
8601 6401
5577 6387
3167 1474
8804 7527
7562 1057
2046 4915
7664 4403
4200 1881
1240 9674
4330 4587
6459 9812
8511 3528
5480 6305
2846 7602
3908 4867
1439 6543
7971 1061
533 4753
181 7526
9938 2758
9591 7643
6061 8967
9874 4567
3607 8999
6766 5286
6153 4053
7050 8220
2067 1635
6541 9878
6977 8523
4623 1705
6307 7554
1770 2263
5028 5239
1072 3124
6602 4717
5459 4413
7712 8561
7656 2336
7966 4788
4519 3281
5250 3498
2401 5129
7692 4254
5620 8342
8310 692
6100 1422
7371 5791
9094 7015
993 4188
2217 1626
5700 6626
7706 1357
9876 4516
936 7055
9469 9722
1686 5884
8611 1692
7621 4406
8974 4276
8514 2607
1697 779
9085 6027
8239 6545
376 3158
5161 9553
7285 6664
9351 5765
3076 4977
290 7679
6811 5932
7722 3484
4633 7527
8987 4199
6176 6426
8007 6610
8280 3206
1350 4136
6429 7787
4725 2899
4361 3391
2577 3475
356 5119
6564 8292
8829 8666
9037 9278
3760 3439
5703 5730
1325 4860
9208 9489
1399 8576
8771 2656
5796 8705
4609 9683
5130 7366
9061 8690
7186 4685
3667 9602
4057 3980
8763 7511
3729 3790
9464 9005
225 206
6137 4792
3975 7301
1713 4564
2497 7207
5123 7073
8025 7427
3496 1607
747 5368
737 9672

200
875 8475
6583 7213
8340 1695
9640 7829
1993 403
9764 5109
432 3912
8244 2096
3245 5475
8233 1509
3486 8400
3357 6051
541 1032
6894 1303
1128 7305
847 4335
6011 2618
5786 1189
7924 7471
931 3904
5965 9370
5429 8445
8969 4926
3319 6256
4801 7344
8708 5378
6403 7648
2786 7334
3951 1613
9180 6432
1059 1702
9311 9630
5305 2124
7280 7323
5224 4588
3059 7292
1593 8128
9934 9971
6085 1448
534 3130
8948 4070
832 6252
2751 3899
9723 6176
8431 1790
6965 4462
7135 8509
978 3344
1416 7558
7772 6511
2588 8416
934 9815
7199 1647
7699 9403
6875 8350
8709 4719
7709 6785
2793 3896
4613 5032
4166 9604
4902 389
6870 5976
8385 4532
804 990
8177 735
7163 1796
2756 7356
4815 6356
6466 6450
5761 8240
8647 2709
5992 9983
7871 6433
1012 2359
794 2149
6344 4967
6692 5457
3164 3243
4507 485
7797 4544
708 4501
485 711
1919 5209
6495 1501
8623 3460
9466 9622
1194 1757
5965 6227
2307 5342
8338 1194
2436 9345
6510 5928
8735 9224
1790 7633
8051 9940
160 4707
562 9527
6840 4959
4276 3818
4552 5856
1344 5345
9357 2089
1396 7982
7281 2781
7943 9451
2427 869
6162 6713
9865 7719
9708 5485
4526 4644
3660 4905
2925 5702
4835 9651
3875 2063
608 4456
9809 7710
9250 2921
2868 9810
9281 4169
7273 7456
309 3692
6437 4426
1029 9014
6215 3994
7658 2471
6602 8987
1727 1277
8659 2858
9183 7916
8653 867
5359 5838
774 5270
2959 6787
1063 1645
7554 1005
9800 2782
3614 5876
6121 2437
3808 1782
5990 139
2584 4259
6317 9771
3690 2110
9911 1904
5744 238
2692 2369
8360 7269
1857 229
8918 173
1477 2071
609 5518
8135 1736
5472 803
9437 100
8619 9616
4890 8219
9772 7178
3552 8657
5704 6904
3671 6069
2089 4067
7890 8113
6106 2675
2692 7754
6464 5504
1899 5560
9963 5901
5628 2464
5167 6899
6043 8963
1882 5391
5111 2627
5199 6077
8552 6189
9651 3240
4132 8799
7600 6091
5287 3951
621 9316
8858 359
8546 3502
1014 1968
2170 3165
7852 1389
2592 8049
7226 4564
1753 427
6122 7406
3030 8260
1712 3567
2215 3656
1736 1148
650 7653
5275 6604
5245 2918
131 1136
8145 2534
4616 4667
6306 7284
1437 4130

200
5397 6031
4341 6287
491 1181
7879 7230
5999 4934
4387 7852
9022 8862
1672 3106
858 6296
9264 5725
6774 7955
3827 2437
3457 4557
4538 207
6339 2119
6087 4220
4322 6016
9861 8753
3747 6053
431 5997
7373 9498
1862 8420
4227 4841
8230 2557
2782 441
859 3850
2751 5761
9571 3223
4096 1098
1871 5408
522 842
2910 7696
4746 3952
2126 5258
478 6976
2129 5193
9992 5340
5603 3955
2849 3217
9930 7880
2581 8154
4537 4868
8635 9209
1895 9483
2491 2190
1275 9026
3587 3444
1470 254
1212 636
7245 4365
2919 2087
2371 4141
4183 6999
478 6105
1566 6286
846 7250
9648 290
2569 818
9947 792
6759 3493
8842 5396
3820 7051
6487 4828
369 1394
9353 1009
5882 7796
8378 893
4114 4561
8488 3124
8275 7726
7944 4334
1489 3972
5946 7291
866 6137
7562 8571
2848 4267
885 4064
7780 6131
5871 7889
1749 8560
3061 5823
1944 8262
5057 3561
1314 2007
2705 5770
9979 412
2609 1941
2795 4628
7326 719
1879 4268
915 2317
2088 5193
6242 2615
5245 7977
5858 6412
7657 9428
6932 5372
7674 285
8876 8866
3438 6238
6257 2633
1637 8162
4034 7293
9198 5494
4901 9971
2343 7465
750 9786
4074 866
4236 4971
6084 5843
7279 1177
1632 5430
6384 321
8377 5728
4411 3232
3180 6211
9404 8453
8348 5260
7126 7789
6587 3462
8290 4225
4122 4050
1382 5918
7652 2483
1520 9032
6537 7186
338 8430
6985 6228
296 6380
3605 6321
8648 7731
3238 6831
505 736
7525 9427
7505 2092
5827 2288
2692 9701
5166 9094
3400 8352
758 8182
4672 2862
7613 4190
2481 7670
4094 7651
7827 6934
8316 1248
788 7657
9779 9204
7520 4884
5036 5042
5499 5560
4581 3288
9005 7293
2419 4469
3138 5679
7968 8022
623 2424
2809 7528
6741 3400
8228 3907
9894 7197
9899 1970
4172 7490
3382 9796
1686 9357
292 5411
7952 2161
381 6011
9377 8944
4210 4847
9452 6300
4406 8870
623 4102
5462 5238
6848 8100
4136 9546
1542 5946
6692 2386
9049 258
2715 2235
5126 1325
6458 9921
6737 5615
8256 4501
8275 9697
7050 3470
190 9472
4259 7420
4049 8388
5184 7935
8976 4978
8806 5674
3386 113
4531 539
8613 4340
7678 3184
1575 8448
556 3466
3398 6000
7461 8036

1000
550152 285135
874286 543209
231535 740346
970892 462625
364683 423379
535721 821780
717275 248653
449493 848547
575542 678896
788351 738894
283909 102534
427486 820211
537618 346590
182697 157380
956727 964897
196540 307072
841326 777341
265891 505307
773619 983297
718281 621413
197379 345532
634090 464366
127946 398683
551742 592290
848522 741243
358210 255922
995999 186542
962282 690898
238706 538898
219211 333876
234644 592176
722035 562243
378105 373803
154887 100036
544466 847920
302078 754263
579757 719931
354185 153256
228498 124917
991453 582846
360211 731521
889085 172015
866199 156399
856087 372386
497982 771709
416512 702344
448752 389037
577872 193183
892207 412298
361857 530917
535049 352519
910476 672104
854325 139133
832440 712674
823192 734801
917358 134956
944494 221261
613954 926096
968900 109280
734934 659507
980864 314970
937943 676847
312587 104419
317181 993349
636620 227986
345983 512117
852606 816274
213512 284129
488930 123888
757970 406412
799799 331810
773086 315838
261987 107428
415435 693686
223553 543414
940808 716660
623796 659173
436082 788672
569493 148825
834945 608140
839784 473212
393511 982646
349079 384868
977348 918556
551411 918920
978056 179551
744767 357707
129186 418620
286959 585264
405026 104141
490809 727396
846173 398956
113709 412821
266873 101866
567325 454319
923344 629461
778448 613819
218033 829834
718138 358345
728982 768308
429154 704314
656123 139463
294554 383541
447854 248404
881553 118627
166364 779807
850711 257146
495723 877685
935475 726477
979794 785368
725541 832229
901425 891027
666657 955945
277845 526172
740827 477533
161394 135033
899878 527791
659103 269392
143551 582836
617167 101023
277993 656333
518463 477015
970353 220989
451181 630955
338906 839778
363776 974711
277898 180668
537521 493326
586163 423154
335660 867578
771584 349430
922791 521805
344271 919459
674415 289555
344975 390291
160805 629714
729389 630902
423383 125302
869074 877348
926293 202067
259511 372003
468352 782532
533394 886026
711720 664358
244423 110767
698308 697585
493511 952138
400585 361421
998901 436429
969520 988330
165071 243769
780570 705823
433867 170536
395463 649605
354520 572506
953104 445942
720522 377069
852203 709831
379812 433236
879804 504584
439008 879237
122779 959470
228918 586903
938365 372993
210558 996833
240226 732124
293665 329068
399192 172633
447280 454155
175287 782442
181297 966934
895830 560724
516323 524400
218887 661533
162407 487166
808102 388816
115169 729508
241477 485282
268772 624140
984127 676208
169769 903161
406549 521179
204614 288642
377921 421114
661192 257614
482533 406757
334455 354945
876159 953335
469299 803548
403738 129625
412753 367038
168875 687632
207332 231110
127766 768153
645064 884019
314065 206893
601036 636931
253550 721487
489396 928067
854333 301591
541346 170013
626348 694202
175296 428046
557725 582800
217588 827634
106526 367583
673250 767462
587970 581173
771889 634407
835828 790687
722518 341927
676810 415656
119093 421042
514456 195382
656836 803588
969458 428103
420052 328249
201646 843059
590364 704832
824137 865130
694359 201565
389845 269203
434390 964375
958811 453087
657019 517887
860172 348710
151793 456456
854171 767495
749887 427229
503113 965189
705167 661263
994106 174177
671274 233883
532784 823347
274219 451553
973419 730928
467950 302264
634334 130133
134662 580266
281247 812241
365622 456150
287550 616760
983009 310155
235698 389701
645639 224017
453877 111663
435817 284769
794617 371279
159544 877197
842892 361643
798083 108024
287718 299653
560009 382945
883428 318227
531325 261183
129740 827336
361645 447803
729578 602934
700533 844700
668298 194768
180293 279300
570457 733568
767505 407290
510937 841971
484076 579772
213595 339333
873124 125805
447484 345958
384510 635503
938426 484750
128916 295087
412683 853981
159102 326177
978032 416728
342803 660643
147695 208366
916486 383572
892849 186782
827627 216028
940924 747850
498299 901345
160326 337700
131830 545890
960452 389841
133060 959506
463654 611022
595891 690114
110462 163256
220232 266476
771646 921794
710110 968006
854584 984836
306939 134039
140592 890018
265689 777898
108031 354417
825405 507710
656576 125475
251248 556891
128771 680302
256291 943639
832996 718138
125522 337490
755179 267977
783074 310369
184311 519435
425827 870920
702516 877107
499481 903406
602412 254406
790833 204479
754029 499566
131948 882015
498569 506053
253978 284875
157053 958132
292428 663982
506646 635401
280845 628531
132054 431836
511471 322465
227232 850477
931365 230148
425537 667638
978600 867909
762516 114668
137122 303995
900566 949633
323566 778124
458048 280183
157416 159685
728129 568490
193765 721069
634468 816946
747412 170192
841327 609137
711225 959519
821880 613213
467143 557781
665553 808322
509556 805780
853407 483869
391114 637500
746878 553401
628098 771001
969158 480344
295828 300550
280794 574703
685536 152611
804369 963608
327743 723139
449252 147521
384174 655199
224531 285114
108740 411478
975542 172886
127123 884277
300744 494447
497153 145368
898788 203813
577379 906262
455586 644947
134882 391794
550604 735929
832010 570632
635776 226242
700346 771362
941743 477110
745122 187807
543060 221610
168017 296097
321919 865680
116433 985174
929700 525661
667729 777907
466061 108741
403310 334469
658183 216910
872025 507788
949613 521149
692859 299110
736060 428367
816135 590357
855897 501636
788069 741967
945194 365738
294196 529202
932860 180126
708289 393030
401384 191679
320443 826913
749103 478372
185770 487879
115943 330040
973353 298716
964084 158162
690017 134013
255433 472175
464451 309749
781338 704101
820277 728178
493875 268252
510931 278927
873643 334175
760587 818587
416107 988607
278349 969479
464178 672538
337819 835982
392442 104547
119939 279720
522561 670258
403989 367239
319472 321330
101895 685750
620401 834916
740052 671812
315612 215014
863656 374551
747611 790155
797141 939617
793509 360533
548818 423211
704657 638491
428525 222601
643536 682126
386902 448995
704581 285194
660714 673583
211503 779620
148113 878810
220267 363251
366927 701442
191887 797274
309023 790670
100823 189950
102303 619111
732329 537072
185981 773122
219704 431390
631492 108771
930819 720551
860379 972570
298075 653146
550559 583675
663289 139466
930185 604216
379253 196797
669710 549345
666562 439396
684074 278197
334910 703630
348655 364723
120220 857846
248007 465793
496022 479462
360295 697917
604204 331330
385955 170129
678011 753817
183164 656897
467947 164803
231660 178533
715855 793537
921340 796567
385171 186096
970253 418942
758535 792287
149968 740322
405592 908548
424924 934943
627269 981316
653488 790777
617130 108074
154218 934319
650846 505838
490001 218566
171881 776126
782931 398747
406952 950072
794242 607386
270750 856873
382873 345078
287941 138541
824412 822247
267943 322921
664381 959144
871899 431328
479069 711624
181812 349687
824540 416167
128641 923460
565814 446033
505575 927746
868301 286606
251682 569866
877314 343937
366781 206101
386265 430420
178672 635562
469639 581288
232699 708375
398715 887577
484380 392853
555244 363108
565668 935470
563585 556431
840471 485453
625316 773697
465244 379058
917494 348879
814446 986658
682406 682406
212819 935510
682631 926674
281734 367334
611902 896855
779523 895693
498602 970488
677860 563497
982939 686674
777157 125564
861155 988612
894040 156381
272945 124833
379695 829128
927595 334336
325565 693765
214069 231218
227071 710237
715536 809480
790948 436983
850586 952815
938715 868751
877162 682351
979427 468502
222521 353656
465865 800690
719550 970051
290875 682033
620633 755659
769415 109852
468701 827745
186586 489492
383526 366788
177409 433865
856564 851835
260436 550137
777555 286808
930857 767931
918796 793827
518410 883065
938708 571363
473458 554515
554506 854463
173311 691285
953783 993912
917059 699466
139238 995799
401878 893532
245198 945982
791956 181440
240052 725959
593812 393680
422136 622205
296369 692916
117233 142615
725204 271008
350278 670998
759208 466557
512593 662956
521906 455435
783313 463378
400406 499249
237431 277037
168779 713775
218067 640802
667800 644590
453007 272982
557225 985918
370968 579512
108372 393202
759657 827276
283006 831684
496265 221268
106819 412991
997677 647541
652747 231867
543357 575939
399932 821838
373930 599617
119036 994122
655339 799653
131840 537706
813516 965637
864238 135825
278236 882574
986724 895965
210845 188900
919818 785362
279512 425931
215615 605482
169626 352630
363973 616130
410835 260058
466805 665645
666585 693649
724738 396863
888533 365539
732336 414154
646708 567607
510012 270906
992937 382822
769109 817512
144612 524892
132083 602306
564451 719505
153231 724729
474971 131738
428561 261840
700495 874940
700079 372416
674851 712540
690770 736787
829915 179650
535530 516381
976498 921523
495847 247755
884974 489940
878825 108247
113162 165554
743551 475695
760773 509545
904313 725943
937379 417447
846862 948263
927453 859541
154851 714262
114721 908144
286371 389590
585306 348240
443140 542025
849479 767501
357166 873798
232670 609164
272974 422295
768991 762569
865513 408904
914091 398711
774329 892658
297863 196033
976117 579066
508676 443169
487421 764769
257346 560927
761563 686807
748599 631618
324570 731323
422303 272788
421522 427049
698188 467893
335000 115645
233983 711299
235074 836913
443680 546321
347317 925373
205876 535645
830778 374384
289181 465473
918141 192195
694481 145660
403268 676248
780544 380787
486903 302436
493024 988899
641601 468821
843230 650875
290489 601452
777621 291395
923200 979618
639653 314924
346698 934263
526084 724788
784441 133495
645850 938585
216204 706039
994958 470963
624476 436217
772084 887531
651129 107771
102148 711257
120347 661447
944629 313563
392774 371685
132772 881776
490947 441302
728017 935702
666506 623849
804873 447285
167217 444426
177707 414391
708184 840815
932193 562016
246827 670186
404960 894104
698248 218677
322663 299983
296173 569667
746723 214541
391037 830299
427863 264640
848709 161119
939103 995384
492495 790990
765180 395141
504073 257901
918412 813617
161559 108343
620417 387491
278286 126246
471179 194523
166065 838384
591384 487839
497554 733725
175090 449172
591241 515876
509406 887184
555556 640984
265451 344676
389025 146149
794111 840831
666048 295302
231658 748235
252061 222359
331307 813247
117457 482276
804711 337948
189231 363496
171351 413988
354808 826192
788348 956191
426097 755358
774549 624179
647949 683941
811818 296317
266302 611555
462745 552337
627041 796548
414369 946454
905630 186784
732746 742170
899734 808446
166972 493198
673900 240924
186122 152835
307992 814876
188507 765863
862304 956881
515643 433263
790820 921135
664499 286293
357520 964036
912680 419468
339249 661178
700681 622027
244423 148196
654898 239689
337045 930728
656736 643189
754023 411238
471694 325201
357606 809008
784942 763587
927510 676453
231581 999223
106433 958226
211668 844390
506682 825301
453722 273392
352287 574963
950842 875528
174780 630304
773294 579644
810851 782005
487605 365380
623178 315342
941847 208578
561132 171386
876771 464685
600936 690793
882014 440420
128342 797316
554077 856730
222233 342096
460945 730941
481234 240070
439989 219514
392389 406521
452248 623537
193211 351852
144382 920628
646415 165867
690142 288396
921687 486218
201015 487131
168234 739506
965308 825940
144177 780689
121094 674371
814557 395983
474655 490748
221829 324682
510140 700816
230379 588215
144139 907674
877615 997656
272423 366626
908928 372968
779245 340196
351621 962648
627062 356482
836782 497838
208693 497944
827000 143652
227397 619186
951400 552112
907548 782673
312089 715038
783924 110885
326401 602820
316639 248555
935742 865100
577084 650745
495477 918148
915483 365294
479700 276496
687182 562603
291525 811706
342558 417747
487029 431289
811975 320440
797566 414120
248315 802778
473559 137558
145892 273772
469875 307215
374776 374765
706206 558398
873010 758160
870988 295834
560010 914876
979702 288302
888237 623208
992237 564634
237999 509875
378227 446910
840080 242412
274351 938790
576053 330040
860205 162849
785893 476424
269370 933723
961949 244981
582006 818088
460648 912949
172021 188645
393839 743979
931510 713081
827853 436735
752326 709867
598117 237242
651795 326680
190894 640339
595523 302172
993692 127946
725840 555459
345175 162031
814289 895864
485219 981096
973099 237876
961601 908285
651071 158402
563457 118168
142156 751783
195770 765264
450048 649300
977555 460652
109513 466120
433826 902342
617265 872498
588596 726181
320328 642757
675899 116728
385528 581115
463685 478411
782840 234805
544192 851826
219456 165276
110185 580515
548469 571562
694770 813741
939106 601855
550633 897467
650522 371930
355370 803573
877681 161356
374573 374026
864961 463378
785293 148853
362081 860947
690779 242654
371936 340736
191509 184000
912579 385106
665508 537631
340467 447513
417743 694799
663975 546481
236669 673564
221398 273876
983181 834161
626329 445976
382290 248090
503901 718544
331423 377299
602359 498031
405704 879378
948019 488148
944912 701599
945095 945154
864366 574701
483189 775220
837221 130017
100898 808187
432857 620099
198554 896502
791987 949714
161479 505594
257697 105561
846087 281678
490172 921059
240916 576649
649030 871407
312637 403499
954534 899243
526058 476448
877070 543414
690174 855602
901651 646424
704814 212822
597481 244234
358999 897180
115170 354204
858949 483617
544368 842082
912932 584735
474375 826118
824765 326926
663981 939184
883051 503582
545802 992219
279473 433445
125691 135405
821140 450019
963990 707071
898229 947724
922063 218212
694820 925315
949525 275322
387482 127503
668956 306012
392684 228111
594572 537929
136448 174881
387435 758498
764900 459130
320321 913203
213261 954638
446883 294735
513607 357059
591135 853392
635008 965962
897494 187306
887767 717870
720768 749145
307609 562649
561121 389589
190239 526076
882710 236636
296929 351346
350763 486804
785113 369551
223899 512064
361074 835241
581194 592650
865163 291187
433090 700515
224724 179429
504400 360396
362549 935033

1000
176601 632636
129764 432396
693131 853359
302795 548953
905044 933185
882258 422633
371039 170826
959712 530492
219994 378151
930088 393723
930813 723672
243312 948922
357269 556283
846176 241449
724494 139532
920447 133715
198480 726541
529221 596226
973959 570609
241570 426525
727906 689480
555125 850827
625235 356605
790649 444702
913939 595383
357785 430817
619742 646850
711549 590703
768067 458299
976249 177096
292552 442202
299521 609984
694017 319088
600838 817743
716489 234430
103999 286649
199305 816900
492268 545012
121119 726072
393161 579452
682277 463670
994818 126981
175025 572577
363621 380141
845260 859167
529645 894801
281830 205956
210503 572666
679043 112780
806000 773314
892254 761544
415071 100263
188771 578685
344154 895429
601632 925605
428023 985758
148596 177005
635474 186483
676758 376186
789287 175700
544285 297176
168729 248260
277145 858274
367814 586120
600567 215398
658178 946306
438670 504479
893097 616997
162060 587435
707305 197394
988298 191135
815974 822963
310607 887680
179856 833112
771240 145188
238853 598874
857050 991040
185448 105361
560179 324395
838356 576924
132538 899796
517595 737745
328560 143147
219883 138946
110085 178351
398100 372325
400082 505817
778915 849269
350915 611520
590710 329054
784608 214236
916716 582725
702536 384583
135964 440976
735305 306060
986394 699957
448815 347017
743706 751786
737684 363649
227091 938765
493324 259766
556059 999154
362650 464532
704527 304253
378886 739094
465330 490828
126359 245027
145704 533842
903528 323528
626451 969895
178124 115199
523541 815723
755435 433462
942846 599230
736153 416882
673335 134184
165998 194746
947712 513408
478487 782881
708090 162228
134616 829767
942707 773046
718830 304513
296557 732084
880989 680819
198478 887950
703636 445232
626013 345612
213667 320284
856572 928393
862495 931994
845372 528507
458377 202640
192699 553597
695708 198533
147682 171604
283958 466073
217084 834433
130350 561494
620449 307171
123533 726655
906579 323606
972071 400929
523600 920219
936900 926915
689321 244200
264829 750792
269569 567476
806614 523148
663503 772229
206798 551589
649085 900464
929094 136177
390946 804640
538270 477015
811243 361132
496478 392819
926400 550821
947163 473281
739994 721675
144370 541275
294900 505611
295567 506578
405170 740557
570729 494334
840526 725216
969607 962916
503600 413420
309949 263987
176377 979807
142228 646206
793219 982633
607971 841046
894128 296371
366256 329444
621364 697379
573677 222306
701750 279903
283411 585434
470971 462013
154841 391712
334310 524227
183026 834130
231316 211058
597184 934802
170004 578742
455562 139257
567798 773812
714275 102336
912999 615512
756803 413211
226405 450653
787830 534653
651384 893852
655835 795115
460562 215052
785921 444169
658473 200163
306898 848893
506763 421252
459365 580318
546208 467274
478803 333453
160082 466609
325314 890728
420104 299149
194222 364599
622777 577558
183052 180804
831467 251236
525402 779706
943299 826665
589942 762780
589946 431459
592367 715462
541848 473568
609817 668322
375108 830683
951314 709002
616963 889780
349298 515152
159607 545517
695181 530693
115559 389460
762689 470212
338381 495143
156162 798536
736420 286144
507095 378010
291820 605912
314430 504654
400275 434860
286017 232810
605520 246341
147974 290964
182592 488453
238428 264390
270251 349913
154608 572073
437595 626918
523917 993304
630938 240713
843800 793543
478303 180420
283602 605038
768912 531775
272864 621274
226998 604545
356125 701353
613396 329462
837492 771320
566905 204046
234293 423168
817852 349840
440203 832300
846342 120067
432170 930603
923261 489769
848311 874201
133166 190943
630524 240239
419631 140648
619766 980746
563853 993611
619837 929756
156977 223502
200270 266982
471220 869995
936466 909828
854462 353176
451835 575124
966764 999932
907679 627848
689591 196683
725080 809904
290202 342092
552490 970956
557242 236490
741011 556580
772098 716426
674063 913843
404629 222623
317485 144001
571380 720760
131992 970571
131459 636865
691428 276760
696885 886290
230744 697180
654694 596184
381437 500857
869370 258995
708081 208599
588285 613705
337130 414558
636318 627458
883670 785056
232138 755704
120061 509080
502987 810811
543238 326592
978758 938569
314941 477399
890355 748080
247087 338314
867365 284338
567670 819412
610763 866123
233465 854176
560015 886375
316993 319291
488285 249803
812887 711159
976426 513144
602999 614246
502663 443393
120875 648610
252645 547433
857593 413204
499354 650273
789528 352272
101478 370840
659025 591578
272175 208257
941965 866030
190943 141801
641102 215825
822789 499083
824783 725325
755384 844572
182609 321792
339574 993638
927121 449979
214984 184546
114185 332325
140858 626806
836902 959616
180796 622919
685152 839640
675723 935076
789334 252181
850145 197101
653559 225738
135174 689839
309269 442523
169494 592075
326063 986736
743810 902150
899232 993274
768605 814854
940249 161053
943854 277974
683443 505264
624079 665039
625710 229301
551835 593520
138569 951155
922858 396877
553404 266105
580498 288432
460696 368162
600983 165542
347486 952319
747694 158005
633814 317055
366037 207432
440393 673379
245824 247209
264210 330793
125931 814704
679498 427615
479383 955207
798998 363029
634951 232659
137969 321108
847712 930915
631826 783794
181691 226366
205769 461253
673098 936659
775232 391990
610158 670750
868482 700724
705956 720213
393346 294457
849345 256992
559134 562187
619509 934803
176659 927621
124250 641826
241912 173802
896004 763166
708594 809631
276228 140085
320884 111972
376868 108985
345082 893226
571310 778458
244735 499725
993637 808192
968734 853118
187688 101619
704724 823436
750853 613260
292083 523769
182476 263182
919191 267571
199385 869660
264364 255874
414808 234922
109243 436866
802582 762690
101707 714812
203188 412393
916308 631592
328671 776345
168586 865905
154216 325046
741155 539006
679380 591611
464470 954438
149437 138411
779190 977317
854725 403432
130092 648622
326557 228921
539145 126601
345669 281644
462667 519188
488638 663683
545522 628775
861425 898998
715603 832071
178673 385006
493040 188829
906399 789367
102418 329127
793078 185385
238120 739396
287677 374031
394183 895571
100768 614090
353420 654851
897901 731055
113587 464918
303252 874588
372213 983256
220928 222650
849125 809969
852276 167398
291098 203217
848977 302336
149364 496203
335238 225066
306155 995033
954449 470601
765103 116369
563806 320608
869948 674752
741757 704750
975517 890285
355721 100928
397664 287435
580846 370436
817087 380947
171914 105696
823587 200104
622951 658299
186853 875716
175132 772274
483600 602079
801964 664846
874592 574159
100577 867793
789777 523074
631464 648221
811541 679809
962730 873629
509686 325632
921673 269217
528236 582199
699349 265564
807019 133345
512793 974191
254709 663361
312839 194354
465196 490594
497448 764510
844331 800263
976975 333910
609082 464927
588179 153187
167923 405443
706609 275058
219610 302448
806772 469778
835749 831192
249366 742870
113912 530938
149675 952912
541062 367059
738705 586034
403455 665237
320210 907419
763055 693392
810907 300566
740937 991762
855404 542355
376731 696282
272065 204267
117500 503133
471754 908567
292181 536668
210974 575069
756585 495270
939342 609325
761026 206745
917448 999758
441931 852535
755251 762889
270380 779425
603983 862622
651652 306875
616571 381168
454189 204271
661841 317045
856949 986210
637477 875917
337455 209378
387716 748683
904196 633233
370400 301076
575708 271303
770906 735558
974950 683728
166924 220260
852001 825874
894192 258889
970397 885028
456214 541262
415660 804432
647315 656043
316900 664328
766482 180142
473019 242303
311588 882661
628167 323768
975073 849577
457760 720653
400204 757948
516441 757261
549625 668164
512265 269174
501454 400582
346272 224082
605876 494694
818499 903909
522559 222770
940350 535406
945993 305600
829751 263276
425793 906135
703771 564903
276727 469445
438331 216663
372449 154788
721405 297442
423716 587737
992190 708517
356554 235179
247882 274103
308025 657117
683884 519910
551627 516496
610089 218856
103145 379218
377652 464973
385105 466222
686943 220426
678268 975371
440200 622139
838548 978612
667440 815388
680300 431401
537784 495990
941291 223011
398813 417197
434488 994572
760686 186398
880450 547634
749330 651566
882517 684677
366642 467217
380573 798272
116950 613990
395595 939892
184131 396243
513282 146812
278509 545918
942173 539800
225065 473707
737345 126205
310392 272647
910629 410028
691829 733632
467646 692106
462053 113239
617098 607207
149821 402121
297968 264416
309203 406905
162795 456274
353931 785144
318849 735368
331986 756345
109778 971034
222910 326650
960106 710561
142011 567264
949748 882658
937889 873182
840691 575619
385041 252597
814550 606788
402909 149996
584036 667965
301901 754043
804534 938069
969055 994775
374185 310940
561076 575945
485351 997319
722682 871597
403234 550706
232537 613941
796601 133506
534693 252107
335288 251568
317797 937723
589182 157644
596648 699154
881517 138376
755997 105952
469924 781447
350947 845595
716313 769734
894219 247431
196364 909842
710412 796583
732219 978266
401383 624625
531164 776955
399810 926023
166669 203064
969670 123061
635666 837141
667207 553206
529581 440473
219091 467320
177513 269038
862040 782351
250944 219823
252422 710868
376927 620239
262718 304074
618185 493027
833871 790038
880904 134043
608557 130112
122223 413345
606860 921318
750967 881709
323371 598474
709088 440769
224790 801576
953638 797602
908266 916085
467152 524537
925705 778689
905311 877310
842696 616555
564093 170826
505202 379546
485351 290608
793553 474917
171442 934093
764824 438665
851340 720787
441089 205875
340404 108270
820689 451122
294927 261311
839958 885127
331275 827221
123624 654817
689224 274638
280682 165742
481296 360027
138349 162475
857155 303903
803380 413677
514501 678376
618070 978311
989023 190343
465819 567057
426631 321551
219559 647446
493203 676943
650936 672575
381525 995227
212023 179890
303297 620242
260300 614008
446111 945370
154006 753128
561973 777798
205187 966810
181622 936919
347907 171593
329075 359698
463688 254925
675087 658048
792977 901839
708607 338998
567567 766126
780616 406213
405654 896787
728915 186108
763334 222630
769901 846851
738076 255923
365985 293039
791268 667128
245239 807613
700867 291528
397154 674772
473832 461464
914199 484215
482222 534764
909327 360263
973800 617214
777895 674899
415897 274010
432241 619433
334608 189939
826830 933716
434566 496019
965026 519464
963958 106951
687524 446052
114484 912899
100209 622972
730990 653073
620096 644902
963119 168424
923622 101411
661098 118940
959418 579545
430838 266351
266870 804196
204597 467021
379875 350910
163461 914814
108216 873397
585421 292706
942606 798180
246543 893667
380827 830338
122016 269085
305570 465626
111749 222164
797181 506942
982555 272247
612662 820006
675223 142147
105253 640511
866087 347541
311753 819000
489156 875373
113822 600987
857165 715304
532797 390800
100254 594004
199402 618487
161200 165868
725201 432512
647419 800540
745169 332730
909168 739211
168040 875491
419377 860303
772643 559051
505754 453490
404695 268289
113530 991320
749965 194693
594271 113182
122507 451164
746971 286583
581210 666447
689036 943801
366739 239343
149635 865048
125700 912677
252092 854420
638759 636582
702161 554532
807968 744658
159047 273337
220832 182131
894243 849208
743205 744291
324832 917892
472353 219822
195829 815251
867443 371275
436791 565293
573767 650717
654614 314120
286240 519513
527359 692107
588405 284022
215139 218128
170349 623541
577794 600294
336275 895180
239750 568530
276752 440924
472117 619853
237028 741980
320970 326898
628266 395015
122213 382044
118273 538875
370778 804843
191802 873442
313589 181362
118443 773251
463775 563913
247263 625789
188977 794735
238542 486321
954179 290298
857183 952423
879599 908578
216899 315927
244942 155935
174442 927827
431523 446870
411225 634655
182461 168604
108261 302530
116520 869464
455875 953998
280215 885441
525598 888813
395232 787230
513860 216075
143955 420144
128139 930719
389718 450519
655451 873699
886589 346100
314734 101387
818868 264417
277812 481400
975900 338629
561513 310832
478246 219457
194182 392864
670236 568434
132604 864788
475775 797257
871645 209895
166176 540100
212417 162348
121441 965284
116773 339999
109806 289737
248787 924652
259814 137603
578253 208678
872799 251976
581021 164068
542211 733621
301058 173842
581481 319252
301181 796724
532680 868925
866713 917338
737914 993749
726264 800933
905381 578184
277488 193509
321510 980939
530155 778960
408223 185897
497285 166286
163895 682004
605788 618016
903001 265413
141988 915536
232835 701216
385403 174093
812221 925187
577560 793063
124129 134140
814003 182280
785377 936078
219175 285911
727047 316573
498727 304137
431479 737565
840547 223103
584511 217460
194759 768018
794261 364991
454441 805602
364716 195181
523756 647391
466031 981641
753021 324958
581402 997079
243358 309011
361303 970185
379237 467762
668562 723470
437951 310082
314401 574645
180847 828964
791226 855320
903503 382797
401720 820247
492416 175193
376987 112165
949950 594937
139358 231417
510958 175728
285221 705924
198646 236617
731243 855057
769520 320822
288267 696238
857330 851948
369557 484972
989689 117823
884260 867336
311227 491085
855246 233969
795056 563510
575722 212814
301631 266155
482233 748862
662749 969861
816981 983372
742449 498625
233336 509042
359857 908505
825435 531226
716428 995838
594227 396774
916046 429469
306652 297347
634069 326983
851606 827445
703359 738194
801673 965608
116366 130518
898207 748716
944251 705056
633351 616380
983969 747425
145597 274932
463086 379490
439527 746905
361030 462281
278166 841194
298261 189849
183361 182147
877967 663033
623011 704305
187754 489982
426926 700885
151107 476599
860534 224016
419849 899849
718008 615732
231420 112900
969023 959687
282661 474300
228956 628613
461468 381784
926569 604464
798544 746356
424624 937344
953173 512081
623510 938330
341000 409692
206463 190580
946353 981750

1000
835095 411876
223871 709773
779640 638805
700200 282934
378806 719585
509685 128896
737670 716672
699485 221340
168436 680429
556066 745659
648295 363472
322420 584475
663807 141033
268637 421130
395206 517225
521846 767867
301634 586373
540629 210192
958825 977358
372456 832646
321513 712794
277679 674921
790059 381113
433704 142929
770776 784969
120446 945622
214687 744591
889561 553651
102107 313666
647124 130590
925483 492664
752552 660434
506895 518239
231980 497929
968938 208473
881453 478390
760104 255371
812855 310821
846636 127864
778312 620293
115430 707839
775040 164015
393470 284293
475909 627392
546230 163154
541000 439092
136076 410483
215104 443421
958725 637276
794547 392456
305440 398897
416681 443131
447899 155690
476977 527405
888250 417404
555915 460332
626846 356893
996007 687259
209176 114416
125861 202901
403325 603608
555030 557468
627476 761582
976635 300804
558528 728272
995703 669633
360127 517261
835872 198204
248633 880214
657983 764126
372561 605586
931634 325173
267349 137595
897827 385268
188792 964649
676192 460834
474998 256252
944748 783893
786903 902117
323804 888207
927520 314205
105334 243572
319267 238168
816520 604534
798311 151415
123550 879756
248625 182630
486365 481331
771330 607365
633160 146992
933857 171222
482467 163248
365042 609644
622787 216778
935510 921073
558310 907944
271074 940593
725781 802171
381326 560975
582639 899616
698442 681718
522751 681032
205054 803466
128355 576902
633817 631006
523840 434773
406058 948258
678144 540732
306236 776997
508272 951895
894150 310382
893550 901988
113920 391485
254076 686870
115645 863982
443989 819266
734443 616072
364558 285920
385228 797620
528289 168891
375515 819243
453512 367550
649920 434418
939732 280837
551336 766605
458304 563495
450000 987784
125465 537799
517851 489564
432395 107719
855530 358953
198490 751929
153410 411835
941764 400621
855769 512254
290337 401425
139366 896553
258332 804756
763559 557902
383317 691190
640824 501468
650169 394264
961066 350336
659500 805667
759741 946448
124484 660612
312658 562796
111808 510553
405494 216070
741382 380965
120898 658972
971592 526545
241028 909430
749368 586685
412458 444597
717851 400168
133388 221469
413693 117632
647015 890480
620067 601382
525471 520467
701790 387624
563684 213734
265246 574285
313392 688844
460949 102768
256154 126974
349186 263351
218723 574349
988634 391145
909859 625946
930737 704436
728219 818837
476476 913354
611427 648785
244862 565627
170038 523411
943387 343585
920180 734147
960012 514095
496069 187987
544624 419392
278124 549220
558207 780995
837419 338395
648736 969422
127190 636832
941518 184222
261866 957395
679796 388163
854648 174989
654854 689965
726033 936094
204758 663416
939255 462490
962380 331216
907660 140125
507347 835420
875640 924331
214531 471364
849721 562133
772288 751745
276341 101731
599290 763427
577109 692953
178724 688471
631981 922132
364789 772276
361188 342668
505590 728546
986842 651587
295996 600060
147437 212316
540856 274549
165450 579959
889773 397194
125639 453756
372546 847834
651634 207694
528653 600142
330714 927568
615642 539898
349416 295204
245439 258882
497548 852733
648078 708530
714373 395430
420914 514029
620242 586608
396806 605354
943433 716244
466796 744050
313572 999999
267044 487795
115156 229299
533102 307858
496226 764326
835173 620598
442199 210871
221768 175382
992096 694321
872210 138886
179544 628991
852247 397936
655666 143672
954059 508180
768888 189515
858429 326787
927069 225264
700681 211919
616309 556909
857959 279533
413737 233787
807081 118777
235869 654053
830158 654919
272519 977066
474256 917037
287392 126259
473910 546334
540355 624992
181905 805694
759012 272628
668145 350049
667587 107933
543332 221784
288513 762527
945744 940334
993505 472084
198123 170919
987975 408771
251107 795004
585008 354899
533696 988271
455884 879348
198537 555360
786387 144600
482743 183108
503746 181352
604795 134642
863090 698545
640932 414523
659744 833828
489347 521966
670654 619168
995789 768735
881169 391901
795828 738386
870563 606247
236427 581822
209153 402790
249306 923177
243929 669548
554067 790670
315328 156706
669592 684861
109802 478048
418135 385791
154317 523155
131984 897285
357870 963623
124905 691733
293604 578704
973636 690334
887888 338879
479753 142927
714178 263947
250794 301800
126852 898782
350108 792630
972962 784949
287263 544689
875068 176903
489164 330953
594649 237034
684066 243946
869081 181841
596979 246594
922704 854641
332128 475042
761097 826324
701848 968165
168613 778104
590407 486862
565563 577313
120473 227229
882923 758350
982335 166870
879435 187393
475176 839650
555995 553040
435856 261584
897961 833763
316954 719934
359337 169835
292150 342473
147740 162298
406845 513816
377740 571592
252384 952318
853961 868640
605287 309836
418188 829251
989908 947310
438558 895222
401715 241447
497503 830500
271713 809727
207909 717799
217691 351719
104535 512896
927210 438615
438670 437261
332839 839942
306239 312308
130287 854715
721466 894893
408128 866430
220191 695377
763603 264062
390524 931917
726566 827908
635449 940429
642305 698264
825360 177013
472373 973411
153500 342773
133631 685910
804296 906973
418069 545051
352725 550908
413739 940108
834679 352399
738156 555028
871637 684409
666771 579415
575212 884362
605411 716569
318964 596893
441870 874985
869899 300808
989808 448785
212611 586556
408364 952269
823123 155266
261526 905317
734699 650067
982770 677142
998484 522084
246870 181686
300471 955083
529973 119658
848069 289627
782801 450295
929143 439581
625632 323111
256787 919409
228123 145436
665550 170707
824281 389540
646891 648646
925017 961452
741333 935156
816485 266715
139528 602637
174493 156658
258660 187711
832177 845091
435797 389071
787963 857082
975123 850132
448173 180992
762136 541366
212964 146426
720659 757134
286957 481793
624394 266490
560845 712654
245441 344163
366381 745579
228902 973078
413966 257068
842204 113868
771965 688094
660495 478442
612020 331919
457493 514742
807113 254353
646957 994966
214627 247741
231261 891429
775577 200370
737112 988940
651201 195665
423394 214677
484369 794130
772375 762694
615742 864475
589576 961460
219148 302317
749526 557851
694713 464144
530224 104209
445797 592968
899075 570978
970725 717622
675065 658413
975002 431424
194087 910230
246140 467324
986124 524216
345274 497732
935421 536760
766073 318810
211926 822373
701831 861254
487770 928195
122602 230607
127318 126067
194975 586740
497907 399243
242407 853504
838717 688389
490929 417641
459410 290919
332370 769842
482178 618241
374411 708740
470273 771536
662353 160179
536366 679646
183049 338820
377701 505481
527572 818994
770667 535720
382111 584771
392227 579933
815034 112226
523160 125682
170509 741118
295557 895639
920836 647649
993862 556856
862643 124261
216847 953162
452452 328186
402603 852254
778571 576561
828611 935598
829155 220632
352574 344475
294565 101225
374336 970642
436646 866465
251926 831064
969960 384633
182300 427998
872077 942957
838946 249112
165587 206851
217631 302283
965975 648091
946463 496097
999064 597052
319160 274558
471152 746804
948897 421940
272224 430989
626399 379764
190934 113863
688761 261459
649132 721295
856223 441493
688029 672890
657109 939207
145464 119107
888643 251687
100038 978248
249366 184748
192164 110776
734250 469738
985820 993208
238820 136023
648749 804227
993161 806139
302305 349536
994721 966581
782919 347605
652930 781315
236573 965840
540809 498944
222980 217162
407121 167197
233065 148831
534298 471609
116738 433259
348347 238776
894872 125719
886542 596499
706077 619918
215950 313309
828056 500149
148793 640700
222383 234827
353763 585610
515409 260776
524265 708405
748428 673679
291191 401487
610560 786233
804129 267248
580437 911652
543737 775639
185271 459368
741641 763177
753994 301978
263751 470898
477717 445745
547566 414211
119306 800677
289314 217532
938315 538359
464864 940390
313393 525022
736161 881335
290880 924500
446061 995589
308185 420897
497302 486529
107038 948387
828007 761435
418448 765804
236390 318233
372846 367100
634997 604153
246487 604928
761221 245427
612063 501852
481173 525454
546818 229770
408345 246871
199003 776689
955646 516217
199864 225046
930098 449687
974904 602692
559046 158775
461704 485391
586944 453570
841693 747430
544957 878197
764650 627841
823672 188277
212678 180750
456304 129105
927345 541578
388600 570577
748900 571479
604807 555679
445148 782852
939242 223302
198414 715167
884848 176080
827152 724371
930396 722751
215790 622985
857264 792492
359297 356729
205543 400511
460813 596974
921999 934898
753294 286703
468855 937328
292701 228171
782736 585244
947028 756157
407546 222156
216042 808791
429561 828341
755312 241260
960643 426381
157176 981658
275281 406042
944021 169480
470754 188592
786315 808357
685559 921098
207255 618277
135968 275276
853754 650835
465574 172794
176988 789665
221698 402063
302572 562041
428651 103147
849773 387243
970522 515291
531217 180424
403508 541418
921460 786342
533021 197983
341531 770829
432971 411957
619360 625559
202659 501021
581180 716153
500008 911012
869990 146345
586963 634658
896781 433477
399413 638646
684028 561720
645848 882034
725040 479601
696886 877898
908979 715142
318530 445587
691991 645875
608684 164629
731781 264951
213993 102913
768404 593325
878845 405206
410406 729996
168766 963576
739053 272673
714909 579940
675711 550518
863704 784815
110955 563567
949764 910375
534163 809058
408377 299570
792157 766478
114089 805892
980326 403766
361478 179252
705246 969579
321770 901814
508898 908157
852723 275888
440954 541899
560201 854711
488762 600489
230652 241688
324014 406896
328425 897698
742195 782160
235902 553112
264348 884864
182645 529558
957456 256972
994389 404512
865293 575796
787394 332200
114178 743635
753883 681338
695754 750050
777634 767404
122810 626388
609565 334148
290830 453314
841770 813215
276765 737215
239939 872611
410979 468906
585958 556388
418714 401266
301149 310518
353144 441549
986700 475849
197273 329711
183858 994015
268232 494123
433092 709686
579244 670330
147058 294891
764921 564817
343601 416598
710960 505829
255439 760141
409020 597665
851749 202555
423389 167415
737354 449333
921614 241010
388232 530220
423300 117869
350625 922467
506989 324221
289560 521164
411119 599512
377611 393055
571738 700395
140242 437297
412299 901530
620840 501642
613399 572373
669328 677963
333279 506838
460343 394559
624257 617326
717192 159638
275607 735330
730817 131863
456952 284940
803939 365103
441402 666799
685508 191011
674776 102613
121116 902240
754584 113681
471020 721952
616920 193477
846986 877036
688742 531512
510623 117829
494243 844613
502890 747989
529497 420130
566595 204666
723773 830673
979005 819792
199746 842477
468220 529135
415882 234247
983723 781231
462467 239162
232357 738940
618481 771429
752683 404971
850699 812223
790614 113872
258038 302404
900348 904163
552147 872492
928616 243373
292074 211446
541436 181348
530597 299365
660607 219417
274290 785236
579831 254295
677276 832815
556733 758321
809568 777487
182576 923640
585006 801214
992540 421026
762500 281980
487405 623582
736101 179141
824739 909511
776720 175258
453546 683921
927401 804442
868685 952727
779329 724796
122044 893474
259345 401556
283453 867650
492215 144911
988017 531401
987991 506692
809711 764976
474859 132143
264448 391581
482321 591507
155885 368550
476689 411420
276408 833936
892042 812142
387628 504631
808540 400654
140762 743940
649082 747345
298600 341822
404224 813008
511745 413126
870402 257789
504061 533836
633980 288673
453140 855422
872494 145570
560843 572711
699553 167945
406274 663295
634409 637035
304808 748408
136613 703366
252958 670050
963605 794549
837266 104676
441597 581396
104935 974662
580680 928245
441068 566940
995271 164810
869139 736380
983342 288647
967726 914195
964434 623964
517317 183182
498926 557203
300503 274702
349456 556500
268499 547571
604207 876774
606084 245399
164898 394520
956376 138129
205618 395377
957981 393510
346081 842510
702665 342819
676219 240278
985727 202972
470591 618457
791195 547400
934161 228653
302974 923232
562748 265351
113992 836693
302374 816847
304741 920896
909365 793547
751723 962370
821359 888319
488951 551726
785689 320370
624247 192126
231606 648128
829842 543894
934348 847204
617780 783370
867000 272671
227559 145707
439830 734229
336258 262190
726736 355472
929524 883100
535360 358248
617726 899521
456796 679999
239020 219846
222663 695916
962359 846569
851992 230035
935811 260231
123002 670152
518271 483777
285060 791365
524269 311763
827065 321126
479232 765035
513744 463356
270947 826538
390142 885707
459861 227814
251218 547894
371440 587769
238734 658341
267281 191298
895809 519683
877702 848353
667698 510327
240508 301389
132876 684721
969142 503184
143496 953740
612003 396149
350432 127822
532916 900537
842848 321022
159119 589545
407140 350180
574043 413271
721694 135509
900330 127669
668158 829646
146110 290812
940551 250818
984009 695725
934342 950917
791382 321983
651567 588487
766304 748869
313454 226403
439122 603909
706338 178564
764649 314362
778420 171416
891389 883901
583540 501841
205767 673727
414809 894246
148388 112059
551628 797649
964688 859280
351002 442924
745689 151750
806728 100219
636310 439692
990272 760850
786875 167962
590359 794912
758452 971682
539377 993698
102359 912916
222501 851156
892646 850207
636655 681314
342398 566695
569508 440968
652051 137105
883323 298546
801023 314273
534147 964032
941731 557403
144926 716157
964054 253905
684744 103214
512967 133026
927669 919557
283250 961742
205554 896191
558396 307015
319606 830335
630715 337268
757555 753169
639037 312715
342253 307195
968944 226032
246959 565578
392051 888442
688379 635192
330307 778088
158838 131950
158130 613328
929795 768640
644188 730524
531535 358575
792376 100668
104772 198714
389806 191394
570528 493194
657212 588929
199145 113133
855927 135256
801452 268205
470714 663371
797431 991327
316525 337106
772844 903552
246500 425373
538139 717053
424238 578469
177909 389133
718998 520188
568127 234648

1000
164217 409456
327626 111365
946957 599894
243244 532607
472406 137075
323980 726893
449695 283546
182743 222158
729233 691332
459064 907318
514741 423968
806977 707440
963779 844812
954366 797379
865600 619444
669501 408431
505729 758778
100262 804755
498681 999968
387479 680062
727397 156544
638087 174292
677104 637974
440721 739364
407993 687008
862702 162739
866910 601989
150648 683567
915421 344553
535958 113697
648079 975660
642054 735178
992523 717649
951672 985357
717577 905836
180499 587275
399551 513343
603031 537613
270049 977661
107569 227754
550144 334689
956197 859421
610262 257403
303812 583738
523430 964822
982140 851756
211991 705683
786563 317464
805448 971025
714670 264010
163898 957437
567688 135919
597106 662948
682638 575207
415342 479467
681933 514486
706025 429862
427165 796741
497988 917687
336523 846626
977246 917359
136249 682484
513826 905618
708273 152939
716871 409876
997332 597099
672406 185889
918081 178934
128144 103532
151308 781439
860305 687545
917180 790507
917758 365813
190709 875322
312450 609739
628332 505845
306067 664793
845448 177812
452431 720204
443710 637531
419958 308040
547817 885904
789941 868298
856257 182367
107231 390545
141800 195383
156283 443383
820440 747687
595418 787776
947363 825851
693251 570735
870692 511421
368895 596268
898407 469862
831526 763966
368832 518204
495742 735005
654665 576143
176909 652865
191439 855471
221099 682926
535722 676392
434021 752453
498341 574769
675815 932628
517072 263556
162649 789482
411950 461913
665757 964508
486698 239692
169291 143908
374743 571458
659430 969708
464885 740150
573077 679282
347819 893870
341344 608639
362607 358318
713550 916490
638570 952449
500573 903248
363645 498129
204869 694813
673112 788635
800451 916283
807518 920734
901226 993181
485655 885306
594845 103853
703932 719127
187015 221682
229704 519801
556530 428751
209049 936901
168628 259380
524454 614399
197050 409390
150218 292073
187979 508419
202292 133901
467268 101662
435722 739682
760173 617173
367369 721046
109456 727736
515206 294507
240871 206226
898803 332466
743201 913753
888365 532600
267259 199330
234622 521471
470752 160017
421937 260923
604749 728316
287485 683797
944185 382685
934425 360673
630941 169307
176945 665202
241466 760303
362952 234062
565429 613552
864131 565553
917893 152808
540132 755678
598087 202990
808536 428558
166055 196411
522814 290808
356836 756236
312016 456666
225077 764076
418941 112378
930169 129087
948867 569651
458513 258296
442887 125084
886155 562375
888518 687465
709368 783652
478312 358902
911854 582935
117743 642709
293625 199772
873045 424129
748339 921797
989634 679487
705964 832073
199351 119815
816533 346297
689427 986327
670828 599793
777155 208859
449241 219811
164041 378959
363143 859324
160419 994618
993559 926796
294118 236660
471353 582984
481206 586331
337419 338269
462152 532242
149691 639818
869641 321641
972025 712782
332261 739507
130364 207605
971806 888160
842644 388145
783506 660053
155583 421261
223575 948161
191251 462408
105126 109489
240979 108619
756945 192825
478666 846962
597991 279397
352819 690282
508866 844183
451710 497771
254679 935150
303505 364987
712082 848877
844413 717602
229897 633857
247331 709850
104049 845582
559529 533366
747911 976622
989358 604125
197314 737787
857929 689971
274365 950129
220862 239228
406060 973598
148675 671240
456341 445604
285516 760330
383167 628796
335611 596902
551816 985102
394041 360492
834128 958901
205945 550235
615229 888070
245382 296073
988201 582296
231965 669229
858577 681941
555560 652126
626335 239507
751336 372388
810368 145876
903202 352354
982612 608957
605261 481523
177902 421011
982657 991928
606411 920280
542846 155954
406882 616033
274058 808209
113333 371561
972222 960885
413494 582988
349431 744994
936917 651909
566752 477779
932131 245876
978549 263937
597839 569236
858162 779784
362179 392391
389210 839131
534607 487403
484392 986754
813820 799185
822666 721168
701002 579173
597753 789516
575703 679532
498267 357281
132551 274012
659761 996408
481807 887179
324998 531143
618223 448963
169532 927074
228675 481080
173443 505933
629505 300742
648479 845471
135838 848784
308035 804201
584569 782444
284212 547862
226839 258722
528025 877815
523842 766505
355401 454924
170386 649314
922031 292484
746198 576779
392798 765752
706766 881632
871706 989059
257239 637173
403045 255317
286674 142110
199596 664152
122399 129074
949069 508601
917885 636306
256712 801924
184038 646826
744817 272916
829276 433226
338609 442188
462383 235582
913321 848345
545543 493792
863771 392804
536166 391583
589559 277291
222456 477336
158114 416448
393195 165686
846532 463822
573012 281326
632938 831327
936203 779209
994307 161040
487323 929052
667313 502763
155347 760179
348536 122878
221212 914603
995643 494694
419999 468592
768584 514754
216659 293762
946405 552584
173531 524399
502564 915057
122525 160512
732476 852908
136989 563380
585080 869220
993803 540765
985003 718064
599278 398369
657667 718552
483889 789452
432243 881693
636386 973265
265105 785877
673072 815241
566072 616008
114132 405926
552623 158448
474156 902476
782324 256808
747590 648727
487851 968346
795822 566627
520652 165932
124491 594056
533791 284233
930786 369183
807728 710973
986614 914944
995181 993892
475577 689950
383142 366556
101547 734804
810984 850705
756522 854989
726108 220951
426153 952043
337449 556075
751970 525786
283935 353562
557005 714807
356956 241503
699021 894533
791246 863590
786860 346449
292219 672273
972523 933455
715835 482877
690972 525427
201170 848082
184051 758030
717931 892263
914273 582523
521396 867463
867678 915478
732284 587929
660394 487951
968827 261657
454524 381170
713490 281873
626001 115052
949551 305653
268092 662959
640682 690147
264758 276431
222715 286126
611539 682322
516367 691784
698819 716359
192060 860425
296165 520606
404043 365950
284109 415667
484337 526700
505534 631626
887135 298683
403106 788166
520404 415582
207272 637746
721168 784504
375110 148466
142821 440796
438318 698914
966518 339731
147215 120825
818831 183926
512746 717255
645602 561719
461719 583625
543124 779494
548263 698214
727536 746251
696627 683702
304526 379079
295665 662707
455511 373181
225624 254290
295306 476133
479966 921942
834666 475949
939173 964102
959839 979981
379187 362837
228764 550655
936162 970091
195610 843305
989676 741225
291887 746303
150171 122224
389317 259240
262346 822965
307343 963175
510143 281295
935761 370377
568778 348193
749984 912687
791842 354140
989624 968871
912469 431833
301961 680753
472340 927260
840372 522165
525825 716215
195761 173218
542436 530843
311305 627777
883565 895619
875431 243792
536808 139854
272475 544003
115282 982555
332233 986102
225316 236498
360822 614280
288297 154503
781630 293984
942871 282070
883776 723101
176777 610046
862337 192859
612909 336077
984365 834610
304099 162228
432682 426602
612949 272577
338563 372036
416778 647103
156448 827986
630227 364390
763492 168347
216751 961622
150163 964797
280246 498151
997732 744815
247036 227309
816697 389659
969095 872573
881495 941131
480224 216332
592450 808675
469628 277621
380329 824797
304918 458631
921750 486587
904690 478507
285117 491747
521986 254314
376339 837783
950773 980887
335440 132575
793776 447708
278918 339916
872871 401966
742455 460650
211919 361341
341134 605946
869234 272555
922298 950371
324631 546995
515942 794623
803578 298419
123923 524855
897880 170659
571743 240436
922246 343133
992749 471396
494134 444177
774490 882848
586999 368237
236823 639551
816111 333759
345790 502222
205444 451817
896038 733493
699440 670395
281319 869933
491125 721830
524994 414851
865641 794767
121088 871875
926559 372480
479367 320992
325044 106330
138091 296188
276108 869434
510011 906137
946409 235888
849431 161460
491991 536530
112315 743645
202081 567545
175644 359244
628912 740640
491825 882007
251607 635661
629297 884229
914406 207690
173954 307103
839448 966538
484772 452580
963753 887807
526082 373995
301768 658977
833672 958420
859856 579165
908863 106646
250314 307799
196593 545799
877970 485983
408405 957110
706910 319826
392593 239801
984891 477139
565116 407861
423804 860012
664709 327914
526470 680558
910776 801713
381818 377943
750407 785372
259144 453876
644476 671296
361257 581600
853960 388380
567011 393521
779947 222317
164224 651811
646755 784388
753924 579932
693485 316036
155686 574095
285231 453156
113865 650722
945127 933933
933803 721953
930276 440806
124966 993098
774530 368575
455212 610410
360352 400116
614200 656618
890227 767726
701056 499884
468676 883798
677702 417281
708459 974009
994124 632800
551324 627656
901690 156403
828048 568133
792696 897260
111574 481766
223212 366835
749818 599108
778096 743500
820160 660424
657946 319135
598196 167032
963948 632311
934513 982811
517919 260155
147979 705343
814101 241834
146502 151306
776632 342523
725125 555164
236799 741470
984279 987184
106245 141920
343992 395349
627376 696699
152924 398710
577182 427973
752058 412976
167925 462456
911732 539731
586601 772661
971888 935459
264149 235357
791413 917110
256201 993258
313064 173061
764104 308588
442743 558666
958943 386863
457628 955474
632690 615116
264604 835679
163694 471908
833814 241814
536224 465266
687764 568733
159289 604492
685515 823515
730199 750631
744265 896602
626901 237629
754644 819175
349083 989868
706147 965474
958848 146555
281057 164543
222647 142678
468979 720411
590512 832998
768397 169427
658252 864627
856217 795164
120225 662875
680756 857733
312341 867305
169700 125839
519983 866905
976735 432638
505046 573481
375455 122484
949617 785366
420744 534676
102264 874089
252549 437747
458857 993225
387794 617798
921475 895431
329009 129703
955345 575153
461825 223994
370107 803065
126126 865506
454797 605062
513027 723274
604754 717811
618930 230763
515933 148602
680323 633765
453453 105841
846609 911819
599897 736143
384183 820444
665383 281544
851626 333469
395448 553855
542674 754296
929620 530153
110590 952137
470334 947177
189648 768047
175481 672337
137279 809516
178341 441932
501696 607737
227668 508357
534658 820352
987537 526578
414690 710153
456163 417080
830640 152775
516095 740382
968446 476548
294343 314619
148963 156915
165396 859788
334261 769563
834697 857037
657559 688895
997527 407666
663606 196979
851152 302337
530012 979563
483115 371175
416654 582064
395152 992014
453758 644100
856600 542998
932008 757178
379842 535066
270221 367510
642528 696416
947744 817080
228598 339471
853456 133136
862790 998110
189202 393242
319502 616290
626026 931286
343944 307577
517646 244283
536159 863415
905502 102781
978737 399980
664661 731255
306367 608397
243375 131116
531606 355801
856725 105851
564548 301151
341291 164887
837094 405709
371965 277445
437305 716790
912268 620560
774617 728401
729306 751022
533389 141407
491581 416306
966208 806673
735199 174742
892126 328832
582756 627095
207561 187265
523301 369433
768042 358043
404836 125998
889462 535313
626119 874680
130267 593584
975807 884638
425447 315014
847553 434448
952015 204529
948737 739635
765848 320343
282285 102867
726979 460389
422701 215065
295163 649464
226561 661103
255433 295102
169890 977144
582362 823182
891016 213376
243094 742670
882301 257285
751012 344157
827138 976351
234173 161615
835023 468864
244452 243436
244480 467657
572438 800346
185152 739206
971888 508260
948554 695974
769395 677036
770688 449332
744130 964746
560507 952026
733903 358698
530470 605455
609233 998126
852552 561294
452377 985320
410315 549243
311899 667833
945166 398273
117628 960028
990131 817340
604942 103527
966945 545298
829290 528109
857258 864899
595826 228180
571875 468850
403065 624848
927452 610321
795992 794231
860787 869165
240761 861178
404486 947186
512638 353427
104787 252577
223669 738628
280208 959192
364969 151178
422038 548210
645864 365531
395889 620092
806061 887560
867056 197018
253026 438878
671035 344350
464410 591551
817746 315131
311961 655412
989431 618685
917248 794093
640836 583659
804522 666040
138743 461287
556669 226248
608032 220761
635359 655411
158562 505990
540632 964782
869420 382377
419573 514127
599013 901396
834757 341385
893125 315429
633391 889395
673729 928582
275622 306048
597642 870978
640505 924310
599046 715480
693369 813651
820444 627170
739923 641865
416578 533092
770203 508815
500393 690069
135572 652141
540671 755728
874468 767282
117441 752649
697557 381863
936634 425658
105094 732913
807332 864355
828114 825732
950392 416501
305379 679858
120886 324747
442654 883292
339622 568096
406684 105933
903500 605553
917378 536972
174729 580674
674916 712014
565464 298820
133437 606131
719501 111262
746063 832272
489364 208582
320134 970688
997576 663032
941946 887844
703891 404055
274182 282022
327841 541812
315313 227624
933798 345115
469674 518442
655456 350027
632631 203737
217000 898787
708763 737128
439480 178570
901809 781609
876058 414647
541221 876847
935298 195759
659798 849407
825785 529856
159616 839314
628939 595618
334133 687038
821068 135355
214940 315099
362532 974049
470118 973926
762635 463514
241863 179079
282564 999262
929526 578156
397216 556596
335573 588223
675874 640096
274737 428822
253729 517212
419096 573396
102912 491616
783810 250575
600703 367751
640479 769140
841227 603291
196731 566125
717184 715113
872495 790891
633772 846312
588142 874551
795578 564399
315735 233713
353337 713723
242802 939718
879095 141651
159437 653518
995274 300982
810914 572026
229857 837564
347837 835118
515997 583002
321034 281816
181095 431708
371204 548780
987914 791948
612911 958715
904878 187075
553219 667101
504192 580057
899521 481059
563592 420250
358060 477785
797793 688551
402580 226525
341189 456623
278326 826122
542764 360209
727688 262270
401795 308243
170008 972509
834110 440013
816039 174576
362019 995329
277103 204904
520234 961956
758707 531215
477432 104027
436255 140978
437137 500258
152920 883793
473286 693554
359240 649365
114445 986898
958547 318596
961172 140737
838141 299364
110549 824688
547867 447750
875944 287934
390953 753762
301810 769388
512660 115931
527433 728834
544987 185543

1000
846623 420787
403596 439772
319442 621193
514503 566947
526456 756427
607781 231205
712463 864215
843243 639318
729864 125129
588637 818719
484704 267914
340248 194928
874169 528127
352358 238698
563571 157036
353713 551399
640284 118773
911016 737296
622109 137741
183357 428011
855240 113421
999797 741819
695109 113048
248475 911534
258049 514863
960281 407595
570006 700333
805055 126697
933876 867100
238435 295062
978654 416521
146803 416066
337196 630521
914024 555105
980467 311330
302527 738860
933541 116198
263076 397302
418533 948108
957543 454094
562897 877985
429272 231909
525512 666698
346346 129746
724238 440834
869347 578306
768480 588605
463799 968920
898636 871265
314295 341441
790817 859465
196974 419180
798928 441976
777786 723821
695885 990913
687642 916354
297282 110874
634496 643598
196934 735369
230244 926219
147357 692000
464212 796031
628020 434055
246453 174129
700657 391183
695095 876244
455535 662955
353041 137851
466594 247949
526205 858359
979163 559754
917710 294461
231072 855278
603004 789479
246456 715060
370477 686850
299456 527784
401668 657558
890343 455447
789758 702384
681661 757956
256275 467236
708648 215972
524409 731479
707160 506728
528669 351793
402704 473759
547589 364024
450468 224113
181995 553280
856640 914708
417985 357324
784079 751059
214676 797895
808647 757047
968284 624546
503903 517936
314540 497931
629230 964293
172530 604502
472640 244986
663189 262296
702353 333619
805626 125315
451964 113175
565898 838309
128573 923496
284963 142943
453216 510446
979881 732019
834796 180333
419911 106910
335918 137624
442845 118794
911477 448178
673126 877937
466340 508715
291328 791634
433114 508214
937991 728487
365941 507813
165397 507585
452604 406058
416682 422292
958171 227823
295948 417575
424246 433885
918381 502564
266947 885637
964635 373008
984755 351879
304696 890543
209781 563114
503373 908644
261848 131788
425053 790105
640469 235868
738059 677881
371930 450280
217280 276455
383678 944673
787156 205638
364917 163172
444737 408767
407909 475739
858817 485476
635060 592482
776679 669965
728867 878373
819074 979158
858695 614806
428919 646787
399039 528548
651445 406566
972656 989371
792574 538636
191343 838965
586985 529505
239618 226419
649990 948817
612940 323605
425171 123231
160997 664958
701508 416748
829432 417901
443864 994727
822871 949973
355270 487704
585234 744395
627310 808275
511094 440107
703247 951865
455105 881733
766257 428968
531900 212646
221881 621212
101111 521525
443715 980328
937548 106056
998484 694417
651428 585884
631589 507464
746781 380925
620132 734036
595615 111267
615173 167225
890136 499643
154061 408925
139048 171738
140287 601435
991069 253355
628040 492768
140693 448759
842097 172008
901506 889554
403239 517465
344872 945584
157812 483931
551849 563118
304766 774658
334758 791366
112564 297374
569875 630795
860430 613155
825095 206494
837716 678719
400142 884734
484006 515697
866708 596782
132839 114782
653713 523385
787412 219424
328940 996842
184474 953757
239698 326134
586065 827714
175837 967037
315154 690077
233465 371253
460351 754434
950911 444469
207142 428881
882906 293519
690728 612701
824614 437595
453869 354982
260448 417634
619400 607131
739828 717132
899559 611899
481796 885683
397517 215786
803567 736379
837200 836735
735738 282596
782148 225624
284882 114815
596478 554809
438289 725986
417504 543120
417867 739038
802638 551291
712745 846150
245221 392343
638691 563110
105443 925215
260895 511884
440139 752126
460275 760348
426230 733239
750517 893539
790961 653170
431901 486035
665075 881268
626162 646802
492963 540184
921602 847244
684820 109727
740619 162952
708323 724615
511756 837358
491936 783124
326876 982838
344459 306893
466565 667744
708723 492149
752382 332309
746091 983075
252465 976934
724607 786584
158263 453341
619051 530980
343132 693203
124448 157050
837645 189081
942325 640389
231353 961956
108689 379980
679444 943833
644308 269515
711200 234897
267580 487133
535206 593776
771859 617739
814361 844756
878984 549511
502973 169321
942668 853306
941945 807520
237339 762731
912289 956880
830910 347932
360984 132151
777670 105263
313844 832301
981995 530240
906291 921121
409542 248339
276617 135351
306328 332744
771228 497187
385673 652846
590774 923444
770147 283938
707529 457023
729643 741003
636279 297737
120912 139019
861932 162652
210203 885620
461908 745347
135576 336697
192021 196937
590733 759077
622806 866389
257765 488576
414138 202595
618237 123234
904236 760024
502550 955138
378692 971414
956696 124307
368116 585393
351105 900109
771182 990757
778185 604105
383887 499244
885168 157593
320004 589831
382627 150489
635913 577479
589312 555155
117577 524272
659777 673037
101166 428886
387443 288942
319789 315255
920856 751238
937931 919969
623186 528436
322345 847107
608393 448649
235618 954861
423700 164361
594707 369921
504729 673507
927663 660432
994422 890857
354943 901384
208112 537679
455439 567902
233743 516114
833066 380220
102533 868432
519268 350138
790160 529059
755585 364898
657034 881398
585219 696245
250478 475796
600814 225750
580353 425274
864282 283987
689153 168292
354985 355460
864101 782200
613288 431693
612846 795840
596668 472308
952357 945171
144115 353227
796339 787465
476445 908554
956576 110808
954484 170111
699976 767799
974234 682770
372462 641146
200458 197422
599025 689265
258861 329364
351352 629959
162736 607901
252387 953757
201897 765563
300570 778371
626204 246970
772620 126950
603203 233721
646787 381699
591933 680210
808700 946770
511373 656774
396395 635505
360991 832199
828291 435580
588800 154245
167435 671813
687344 963599
379933 463320
258077 101159
561813 752805
920362 546887
545866 188301
181610 124872
914155 925753
361651 230343
741064 126882
598963 399967
469044 992605
122653 235333
795040 228827
235769 663528
360513 337893
346456 981056
170741 746262
171340 506654
825405 261577
721528 627200
446467 847419
305208 296842
259636 431654
288258 454005
884514 926413
767654 439011
228911 448591
875491 161541
986064 594288
202403 149650
304148 775101
839562 250819
193807 499727
767602 604217
668565 903619
793530 757371
737315 460519
330348 935035
223734 178527
420237 775126
108560 557231
662212 109045
258316 496259
462250 959539
299154 835789
809218 118962
670274 819312
525850 531445
746034 208448
141791 416058
858251 362287
506008 414126
482626 861384
140564 964946
886901 771577
152230 671902
792385 206973
964339 386670
222236 882454
319733 641928
518015 981421
123200 599658
648404 291177
116356 769847
891381 520988
178180 484485
783419 740871
756175 979205
633272 927874
899198 859870
688276 518084
563216 107394
331889 255209
338601 514060
240285 497546
600049 699029
728358 613693
550939 974030
986720 117907
750189 962817
286884 678340
481580 784335
514261 618889
562897 204151
269842 594701
262607 519294
126439 856967
245301 910969
112981 964861
746861 850098
299873 418590
377702 917511
354748 213066
728755 970499
103232 623819
750239 189445
594154 231972
393521 582722
807894 548389
283862 579502
399702 789624
358653 871640
328663 262143
606041 520839
766291 704482
478029 393991
654982 348135
465478 862604
528993 184345
377956 131558
213761 744207
595716 512844
880851 115957
983751 260307
235544 941346
828297 296628
811356 390451
415005 508009
267489 721388
425124 120727
731478 179517
583471 132550
902785 317028
315370 364730
499633 473000
849347 122607
202011 653621
341082 900084
998116 515872
721950 955584
397480 554794
645255 961985
694789 114275
255378 503089
541350 830918
721633 248443
692073 782805
137049 491330
288185 318483
416643 967097
734458 817840
614725 348377
694421 364745
601502 885843
397865 346446
876761 180339
985604 982931
955432 758028
686793 885990
927701 517499
953681 206848
757104 879220
864821 898159
379498 166727
854058 835118
928201 410578
269102 592248
965979 976054
246210 893859
421194 516527
550447 640609
883900 103197
156744 758974
555569 816865
267790 947373
460679 223372
628981 174409
933953 250435
425763 276802
486103 688933
865151 535759
790125 188138
481739 202217
296919 182034
589581 375375
565026 491286
153189 802261
871296 329121
127528 661045
367091 512046
848220 546981
743303 468492
605268 788408
125525 402655
595822 603070
503254 929918
551126 745506
542473 932046
292920 675371
149195 503691
678908 718404
156685 227795
847586 533931
835547 501672
573231 876717
312863 754451
273234 210433
552371 935074
214485 433840
791723 777980
596954 265567
191293 448978
918473 959312
915421 812837
392217 762821
597653 614170
153251 260081
729007 120239
753822 557129
980510 786316
391750 947168
283409 590889
984639 159340
352399 944566
983354 673267
724993 855104
116316 939062
539535 862112
536337 588970
569499 455463
611785 231126
541185 158083
438405 653111
232920 621742
352792 786728
672452 266014
624321 284868
482329 671525
731283 604704
914424 779977
506303 579901
816434 415958
190060 891060
972286 793971
926755 765820
491657 270162
524446 624530
583046 523260
108881 121683
369952 869453
164282 191828
618327 536014
370896 229070
952359 190115
362327 908314
937808 457686
503740 284830
411509 337223
340834 356481
256288 190996
132544 759116
607755 923336
728153 771351
640993 745330
259105 580440
345930 845687
414803 862781
796723 865467
628325 383706
268828 710442
680806 288437
640763 692677
527279 462353
655833 392390
631805 576044
696045 477542
255170 909901
233811 271016
506830 536022
733286 613222
755017 923069
506038 722086
927401 797753
485768 249138
275253 372234
616825 843868
869650 462964
129612 848445
359360 240205
422227 937487
925036 149044
842091 487357
337209 494321
458681 125463
746508 753613
798314 656270
662910 764001
573504 765710
212883 696449
912124 956736
607510 546128
252548 345089
540134 204424
726208 961187
716474 596305
701934 794828
744671 486207
510145 207171
782774 512716
516652 319986
248302 743191
228205 652064
305316 115026
521754 301059
280287 710147
675849 896208
244417 582977
205041 188135
743518 931605
926623 287596
340073 865748
683374 927463
189442 415086
172050 565062
683274 522538
448068 365109
253668 152943
817694 165960
657786 832830
532695 425272
505360 719309
921138 138733
245548 830499
861214 167761
666134 157823
896236 973698
392232 146083
789044 409649
501702 811682
564350 325570
339936 370180
949699 546482
828231 980447
543690 506729
584959 444643
171928 894087
118471 155667
211310 146559
907580 522558
637307 657194
276430 330620
615935 696212
190533 124188
261522 447984
970393 757749
348969 795648
110237 975984
153770 165019
434531 799311
338569 253776
288396 271685
896102 795387
879212 251349
185075 718297
173228 401838
867547 489738
856781 428800
208824 126880
554153 317585
876995 107978
271023 329875
769308 141872
518901 798307
433011 147138
698983 348765
393543 259936
660820 923840
157503 805118
722016 185136
883685 474145
533727 813438
723095 932365
820908 973418
199709 902052
629892 146619
231371 491203
440331 810765
738302 472025
807559 617030
257546 161241
588981 700378
516885 915696
361787 185521
353020 403882
698219 957233
223582 411714
640683 765711
869240 440075
867917 684735
426552 970132
252114 520823
788735 114888
626207 465573
945216 453559
154950 468368
646825 304492
801271 249696
220204 765114
545429 673174
549400 572899
367104 103772
234322 845837
407505 803086
444427 751109
242479 503713
686365 300471
849413 110879
630789 300118
585286 752427
476254 974302
613824 460190
766827 630828
623913 840208
860626 615565
906816 100318
231870 912312
435039 312647
199125 613505
626491 292216
434821 659986
758828 940251
573256 985288
177541 921528
687401 761116
777295 991280
419959 447080
961530 208597
411939 253965
819287 383241
357493 816397
570225 186369
374611 983633
890281 553540
645301 274289
912879 142304
154231 650320
866842 820475
309632 502246
302446 510695
170370 631022
412632 328300
987850 163824
319126 828031
707721 951193
317340 632286
688089 176479
180901 349868
252306 778041
356505 543425
821789 594135
315953 446804
324557 311874
754723 275121
470472 880398
433487 915186
949127 556429
601362 398195
123754 464121
796068 377023
438841 152711
296053 622650
874308 879484
817898 933312
816666 299989
169936 316726
517130 738865
884176 199502
822759 199165
663591 725578
544154 588730
900558 764293
631860 392545
408397 764758
990381 128110
489596 864882
619355 620678
805211 328298
711418 887340
844844 588542
288225 720426
713971 922365
402716 343909
841655 472019
833053 910014
763090 895630
128121 996320
552070 272661
563844 864902
443092 159972
687239 534041
172201 696631
490853 150615
236918 892314
167797 269031
692125 408928
982929 154523
608794 695084
663367 581465
427013 644993
248838 674547
481709 437328
576463 470368
956030 265756
630537 198263
563633 773015
158021 512575
481876 580207
763122 600583
487853 595968
267103 105730
863501 202236
608082 714174
439944 610112
661114 615068
188477 747230
173535 847825
339228 400646
473848 785250
558007 102044
830016 828434
831035 865408
123753 834769
586934 338122
186059 682758
719697 104749
106319 952357
492798 366829
227610 117901
965417 179312
854839 682906
865809 198860
153957 446405
384451 496484
686201 106000
736749 913495
268102 762500
662161 417030
107714 972628
172611 905048
196904 107262
440763 164557
668116 265455
235598 353158
586612 681723
772010 896354
417240 108758
976030 648087
800762 313493
845940 316070
184754 886883
135366 798691
606153 981584
124270 532082
606900 436334
713925 527438
143474 999379
449454 777027
838238 736180
154070 717604
953929 451108
106203 914528
378389 577148
472692 127473
250676 665685
983177 913283
426030 217660
947382 310302
115643 749192
843362 175923
717806 709167
826609 628769
428174 194164
686266 302405
335420 873180
988054 146283
779064 332358
923891 871805
541112 249282
312937 450106
468435 195647
695427 775148
426485 770181
321301 947757
931865 330643
735624 156586
292878 942963
652196 545382
609795 284530
909787 897173
978325 483195
943939 851253
197938 343500
490184 283617
629052 733700
163095 676199
599584 538252
729206 906537
277793 913875
585943 383091
209732 704734
208832 228116

1000
524324 932417
415046 993129
576893 598983
571214 653497
495450 964165
119152 175257
166012 504705
963448 116346
201522 766545
298137 184855
817633 908271
576576 588468
283370 912835
936221 878450
312838 374523
536326 915431
727139 667504
765736 707050
737874 989567
543087 475473
145212 620548
560612 918591
583735 899041
803025 899626
570128 505521
805872 720253
986431 569929
679271 278529
371453 685093
251212 105330
180433 183183
138179 796961
861010 591257
539847 387159
952438 146153
315562 978685
936268 802631
191142 828872
798115 853943
462906 540566
849163 776562
270978 841661
793109 553768
587754 498357
978180 659399
820663 269577
190633 960013
236329 104701
201841 212271
500494 359413
175084 561213
734757 100393
737711 382260
188716 843312
462550 315723
531204 633569
274848 252305
167903 718065
188916 140415
390119 212138
525320 922913
531489 161170
502231 103191
158648 359678
230251 493085
906571 436892
146670 349358
894450 197876
828848 965846
538049 786992
727267 852213
965612 575712
402834 432709
849062 626610
289606 960849
298004 274737
875027 728826
214174 289967
989213 612719
969062 624218
529836 135394
185301 713715
434074 404321
654699 694011
212700 277807
402141 675766
468239 404516
468153 895600
386118 917439
231087 594733
249486 200239
464772 413093
767973 235993
705991 878581
683429 772576
446835 839811
691511 205051
239938 443879
671154 153251
128306 491598
331646 654678
604815 661297
711678 826721
775675 309497
339525 938526
957546 507069
485315 303461
711244 887256
477657 875014
988459 395776
493024 232835
904111 812125
314448 995453
875978 663294
456263 709710
349589 742941
246994 167426
559637 987865
417526 645879
882890 235877
885738 669202
381663 987399
273917 905413
870364 809749
769961 597158
473464 757386
202274 324195
992070 194197
606284 990476
232187 111635
524099 633199
502277 676802
852991 798233
190695 986463
224214 717408
207460 340527
885278 152886
720612 465581
885060 569124
451566 322612
291475 996610
429297 213511
810616 203938
484053 946089
589312 431233
380799 963194
648407 329459
417556 588133
304079 504317
349687 224183
718601 912782
261814 393786
574293 299787
253784 381935
566094 264571
184238 646817
961406 506501
598546 228241
255619 984146
793649 486798
338324 558164
121880 818158
652746 493552
718898 816062
191621 668582
565747 952209
409767 105619
386517 906000
930753 381649
925952 345021
315414 378941
157740 141869
344513 865626
957744 453784
858460 320057
788185 672770
865637 998193
957567 321828
665673 431751
911136 964603
201803 651612
222057 273401
979213 566039
218301 414957
353931 391020
529084 673989
721913 950470
999734 910358
682164 428499
659818 436014
984763 492050
822598 389438
205173 334359
597830 817817
533829 682243
247959 317880
622334 906238
992136 125585
130236 350681
301617 901921
633723 879325
152163 271906
710980 674940
569156 800075
129425 690259
993524 695975
862851 912566
341895 960583
434312 548854
228288 622885
423973 551963
259703 133344
280547 136382
958292 932608
485568 758991
665643 570805
496750 141734
254400 891085
915802 344464
224205 290744
552905 874806
343525 372019
823772 128947
457793 143572
448433 910059
972386 200183
766636 563139
530166 676392
350288 843731
373753 248782
891244 674719
163542 355884
381470 363344
791536 852673
510645 894130
330417 965593
961237 649859
293419 275766
791379 978289
886740 228350
499213 437123
971827 883482
619833 394183
879022 167691
731272 981853
479035 465518
216116 526052
831731 465983
538431 177097
535830 801222
616983 717511
430564 199489
994699 850031
802720 991814
815447 720107
581395 212358
601424 125311
601663 153800
261337 201985
464235 765074
663651 912348
592425 468555
143230 956432
170941 303644
243285 985800
107617 569960
886670 592807
306753 183003
456498 351045
312421 657360
636325 604547
468992 457864
160033 853137
691951 507364
154801 565668
909166 273387
192285 697962
978280 445268
880617 444610
734678 527956
258255 623824
567649 224639
452935 117558
699303 966855
606990 772325
807062 112582
495155 233210
243326 778599
319388 838235
183225 753374
591495 842631
865205 487473
541221 708382
865924 436878
298435 597266
823692 198520
916087 472720
377487 688566
711413 162067
729587 494796
991443 889430
484991 858351
327358 449042
866762 111125
397434 162409
932790 517319
232782 427304
709777 650610
868460 883988
530704 801942
107886 280970
464690 493085
977828 141978
843249 906737
611994 326729
239614 296923
239581 858352
501636 544047
333345 250798
400467 276706
163745 366024
352694 948989
535208 119244
113810 554997
422100 631121
240544 557503
681353 782385
656992 457756
356958 652623
172694 515427
491197 375250
375438 405586
819961 502443
864502 771181
262032 495837
387761 676789
875417 574640
518998 956033
711745 107227
115977 640430
389596 639537
571858 937980
150875 813249
413179 198631
639957 449102
181837 380121
297915 112886
449418 738849
175552 120554
925343 546685
170787 284863
887059 665692
431928 738266
466884 306593
487490 167359
880977 451919
160397 353148
874615 880092
207346 445853
763718 978750
484461 231925
173075 106073
151021 934085
180740 976685
189939 399729
323042 891390
894876 595076
442984 687130
972091 783924
879767 831426
281531 881498
218929 301151
219880 261498
836526 211363
767003 139392
898012 855801
477213 972669
601333 107383
190627 223597
828162 312676
946934 426368
371162 867009
848416 304042
547201 358953
849999 152437
739546 922359
860013 273083
586420 629274
176115 820682
382946 943256
176410 282582
744378 891367
547704 166936
443262 535611
622033 261512
917013 774962
753379 904748
546930 323037
579055 660940
697980 467621
998542 282817
253237 600832
433974 280714
812147 658278
563295 787054
331798 403224
731767 819950
400509 259376
360591 274305
393145 131545
234671 392271
963631 148142
598735 794989
157619 681405
351142 649662
834617 330369
383962 661139
693010 884435
327395 739416
803318 541889
148762 690558
501310 460164
161681 620990
811657 178152
724023 812691
693144 598470
257233 773349
260111 505008
277810 522364
400424 277466
295038 334653
852072 856351
170978 691081
456550 117344
958213 917644
581511 554616
943773 444876
179638 568789
880460 971309
234685 248597
547789 811745
931703 500209
904272 207597
698370 442452
297982 476667
423912 847011
277039 777912
609611 234082
765528 215038
365405 552368
650911 632293
915416 214832
530650 461885
224547 772988
231516 636426
562511 436407
578241 707249
615579 338700
913672 177888
625329 848391
784366 373833
537702 448193
146536 315368
991302 227805
413074 181163
789401 472615
866187 613194
420824 677904
505752 246780
935358 666046
268455 410238
225004 738887
869381 119037
706872 111088
345042 711715
181050 565135
600996 206712
413351 568077
324007 117226
526758 869749
425203 856297
561841 624102
987601 776693
803827 532742
515307 707094
826891 621101
803837 231542
889517 503679
664876 972612
930727 544559
642252 276070
300304 485452
673152 218376
359995 296226
654287 931802
185197 871854
271171 837015
836698 649615
624929 890491
319725 269387
905786 584071
798304 294707
987336 434467
656949 442909
210739 242399
885644 272190
959048 855681
662391 751423
691333 758490
913135 569822
748578 966432
369729 697547
202078 219324
220068 676338
840930 155598
888909 842891
104624 743234
468022 247060
854067 848614
943801 581677
556731 286772
684596 125158
564160 284104
246499 115867
290382 389916
652674 738819
692244 675889
815511 634673
494087 786546
168857 446041
619422 138942
268032 982801
331533 336639
751947 927461
900851 741294
809398 605865
505590 667797
192318 870496
797598 681880
860137 497100
745417 181762
289262 785562
827598 249852
435557 777311
106815 732840
725999 893540
180368 113143
791994 269115
776029 317261
933577 680936
489074 916936
725445 685455
401347 882374
774402 352053
707214 426211
177672 817066
390075 135266
864092 492543
158132 632542
254638 949893
768013 845346
545361 952881
726569 155974
634276 121063
548611 665970
317471 618417
332956 925640
754814 446625
689126 938161
840951 121479
601445 407848
556007 710166
820758 820650
140815 567978
376975 945869
797771 203915
473915 724771
917700 319452
323241 944769
537052 630026
376998 365580
587630 313368
130645 857373
234701 780580
197294 929697
915158 744743
471107 264299
675919 438969
915709 492825
487073 474394
787232 623855
285755 882357
887264 826891
182524 247829
159620 902217
131884 955032
567276 110095
443014 416308
158992 599533
661621 200602
968927 627363
108706 950573
265308 499704
260554 614214
823892 730107
118250 227107
771167 604927
112830 438300
301592 149704
176350 869894
127031 727160
369298 886176
130638 338446
787415 801556
755663 971982
656711 289186
841465 691620
697749 655696
185227 924024
545505 905621
252388 828423
265729 843070
651724 584997
566361 430089
839866 446919
916668 571570
166102 623001
796653 610277
531445 113852
242743 620693
556613 380254
685849 543205
778638 792508
662911 274285
144303 789512
641707 510550
410264 394134
112995 434437
668014 367546
975102 710096
728030 863568
699519 412840
100469 404002
681586 464493
308786 319150
701558 529143
818069 176458
745504 774939
690406 148043
643100 730426
152125 434022
373347 990414
979047 157555
319843 571333
219484 733237
620544 530635
216342 589576
410845 525136
872339 723467
531929 349918
915889 929079
440953 249243
679992 706874
281969 363859
474790 868704
870131 467209
373559 721558
930980 857555
731794 414729
281979 672364
624356 177358
463483 371050
262737 945905
528994 847160
833033 269135
962981 906149
841423 604005
524129 998099
474296 967259
851700 682105
677843 371923
480237 941454
692975 973116
269367 258695
329809 692577
612408 354782
935872 514492
869239 238298
489693 486351
749601 164521
356759 335658
307557 934215
724338 898278
857871 174222
418119 216472
811950 847929
182958 478275
690275 487203
266656 786209
430692 866409
891424 383315
393942 882115
131408 605530
438533 536612
418888 977672
835835 911755
633938 691201
168066 425555
632312 283163
449207 427044
623998 615970
481246 472777
967359 654035
380156 290003
300864 594301
722443 885120
719108 284502
807909 446952
233150 151298
456905 735979
787701 944390
828263 840823
961021 424163
364755 257314
784249 166250
108504 349523
756540 780126
214156 375661
320043 440998
666037 106923
442064 249691
895906 950628
628582 391876
138886 467815
407785 915251
399550 757317
774171 560542
717526 734927
307480 777478
459074 332015
735000 622460
885104 442939
560645 716780
890718 536886
643919 878814
521047 581725
143008 331865
485809 372080
561515 427408
806949 246015
398187 684893
632936 995319
362186 764934
180334 549482
579733 273585
132296 817946
320798 785838
188256 973494
526383 188091
425588 541293
484200 647035
873952 866472
599741 956503
745116 721391
484717 977777
940015 918559
489860 321595
424974 611315
951617 629324
922872 152236
413643 385732
928646 640035
625412 429104
861697 664734
412391 601162
948841 476806
936508 344170
513519 106564
664628 420313
662183 755287
643431 337761
753044 882301
995765 563557
123343 620185
421304 953687
311806 529004
659092 224678
838572 636371
268151 693598
368432 685802
297908 413640
977915 799544
974867 124941
258480 891399
781172 919536
648769 402644
501443 220642
625277 867652
813426 762072
745585 515659
829127 474261
336892 950362
397592 168920
728644 956382
149626 919380
353025 666787
764746 130491
163753 902408
293554 855007
277947 562018
942603 730122
566325 982405
143024 974935
990738 844350
344860 357615
402991 706201
923975 922717
576021 212661
363066 842856
535496 727493
831196 968598
763924 999819
568921 213036
431496 844634
650256 718281
468567 637594
686707 620979
200881 369863
110394 743506
760354 924276
769548 113733
135346 585193
197034 809586
256768 379861
393846 506829
740713 110528
543109 975791
163112 927300
966883 576807
920193 937738
107826 970629
736038 735516
150208 296586
899813 231962
300293 562938
448841 366220
893324 810092
103562 720755
723889 908400
247725 763428
257806 211145
398891 933882
472331 663167
409714 861166
489850 671312
174207 732508
704566 685300
595528 711317
790339 443745
756724 625643
628597 775211
368495 257569
600559 575839
914703 806977
179517 731186
629048 269979
720479 559966
423743 288432
287510 431174
605398 883200
379561 616174
912055 428162
507720 976188
290947 823265
904367 336535
234422 299907
310558 773012
227176 761538
460200 112081
541119 961888
192268 274440
899910 495740
428832 722386
845244 475761
588089 399726
602488 686866
439235 998344
423096 237101
795183 281255
336919 330269
528543 966670
161618 160672
239004 953927
433202 905515
527522 914860
433091 654235
446524 841900
389095 584910
394766 549472
995516 623258
826540 332714
802777 383200
182967 275069
728079 948046
158236 174975
545451 460040
719532 684251
619911 110009
739031 278353
436477 354687
184170 283421
376537 982872
311188 850676
617196 849035
861511 430851
915512 181037
983034 756874
116778 165393
334873 605296
546393 131533
380108 539812
608739 784338
718033 293385
912726 966936
797782 349109
965299 322220
992413 751004
839027 158736
816643 539045
642009 976464
822988 674756
863648 201073
448217 729617
139220 292908
495977 182640
293200 633267
945161 507395
825975 335981
161693 807965
639199 837259
881153 912692
269310 852521
340659 226302
425111 467822
413189 767482
236569 853570
501864 684546
911025 338709
932821 149400
137000 680546
178958 770812
344432 931994
721867 333673
649819 608589
562408 746493
272974 827308
310476 279625
588485 455553
176703 185754
679942 665515
500410 518943
370553 178945
579835 670472
870437 713740
499721 279597
867152 768024
510644 732835
786380 567118
906182 988334
119640 529659
728626 649782
313253 615819
955703 792992
280876 938450
115806 184689
282331 147253
134398 956356
302602 101701
630263 975732
281862 545470
447746 995624
897265 994025
971386 714443
595728 177395
315989 764221
611449 123754
699735 346813
523890 650428
621248 674603
850854 444659
598469 257744
658381 730958
341100 416144
501594 323908
251711 805228
358668 531255
414018 227864
609949 266408
676527 445884
251875 834965
